100
-17.53494762
96.36987874
-54.94573903
-18.8957299
-24.21633606
32.28074755
-99.85175651
14.23035221
7.116511009
-92.9921847
-91.10540054
22.17849791
74.45491034
92.48244067
54.55715479
82.01682226
-12.56741855
-55.73890808
-31.32967943
73.60817655
74.05784941
-35.25945375
99.72802286
-54.29078117
26.80586347
-37.78698822
-68.7519839
-0.9821870478
15.68238263
2.064809951
75.93262117
56.20726686
53.71246058
-86.48526496
27.36748369
60.66521406
78.43848567
76.42638162
83.21814381
-62.34557075
99.22128075
30.28198275
-45.22223176
-62.34288654
0.4727593347
-86.06043742
-43.81747631
74.29107513
1.218202099
-86.25036934
-85.30234073
54.89394116
-97.03324219
87.36393846
16.10380341
9.191750041
-50.71224866
-95.32523889
44.42023059
71.4004135
-68.90498954
80.43248899
-46.66744419
69.02524186
54.16814848
51.34025204
98.86622377
-34.42155302
-61.90005264
17.93792152
-71.67168833
21.49768259
67.14232957
-42.48318598
-75.93146538
88.27652109
35.5451885
28.7322515
67.75006941
-87.45650328
48.29324441
14.62054843
45.03044102
61.50903457
-98.74669402
76.36769255
-98.99142077
-46.89956573
-62.19407442
26.87511015
65.17568244
-11.07206337
-18.45980185
-70.75478464
62.47659948
20.56330301
7.839915122
-98.49586322
21.96672186
67.52768267
