0.1
0.2
0.3
0.4
0.5
0.6
0.7
0.8
0.9
1
1.1
1.2
1.3
1.4
1.5
1.6
1.7
1.8
1.9
2
2.1
2.2
2.3
2.4
2.5
2.6
2.7
2.8
2.9
3
3.1
3.2
3.3
3.4
3.5
3.6
3.7
3.8
3.9
4
4.1
4.2
4.3
4.4
4.5
4.6
4.7
4.8
4.9
5
5.1
5.2
5.3
5.4
5.5
5.6
5.7
5.8
5.9
6
6.1
6.2
6.3
6.4
6.5
6.6
6.7
6.8
6.9
7
7.1
7.2
7.3
7.4
7.5
7.6
7.7
7.79999
7.89999
7.99999
8.09999
8.2
8.3
8.4
8.5
8.6
8.7
8.8
8.9
9
9.1
9.2
9.3
9.4
9.5
9.6
9.7
9.8
9.9
10
10.1
10.2
10.3
10.4
10.5
10.6
10.7
10.8
10.9
11
11.1
11.2
11.3
11.4
11.5
11.6
11.7
11.8
11.9
12
12.1
12.2
12.3
12.4
12.5
12.6
12.7
12.8
12.9
13
13.1
13.2
13.3
13.4
13.5
13.6
13.7
13.8
13.9
14
14.1
14.2
14.3
14.4
14.5
14.6
14.7
14.8
14.9
15
15.1
15.2
15.3
15.4
15.5
15.6
15.7
15.8
15.9
16
16.1
16.2
16.3
16.4
16.5
16.6
16.7
16.8
16.9
17
17.1
17.2
17.3
17.4
17.5
17.6
17.7
17.8
17.9
18
18.1
18.2
18.3
18.4
18.5
18.6
18.7
18.8
18.9
19
19.1
19.2
19.3
19.4
19.5
19.6
19.7
19.8
19.9
20
20.1
20.2
20.3
20.4
20.5
20.6
20.7
20.8
20.9
21
21.1
21.2
21.3
21.4
21.5
21.6
21.7
21.8
21.9
22
22.1
22.2
22.3
22.4
22.5
22.6
22.7001
22.8001
22.9001
23.0001
23.1001
23.2001
23.3001
23.4001
23.5001
23.6001
23.7001
23.8001
23.9001
24.0001
24.1001
24.2001
24.3001
24.4001
24.5001
24.6001
24.7001
24.8001
24.9001
25.0001
25.1001
25.2001
25.3001
25.4001
25.5001
25.6001
25.7001
25.8001
25.9001
26.0001
26.1001
26.2001
26.3001
26.4001
26.5001
26.6001
26.7001
26.8001
26.9001
27.0001
27.1001
27.2001
27.3001
27.4001
27.5001
27.6001
27.7001
27.8001
27.9001
28.0001
28.1001
28.2001
28.3001
28.4001
28.5001
28.6001
28.7001
28.8001
28.9001
29.0001
29.1001
29.2001
29.3001
29.4001
29.5001
29.6001
29.7001
29.8001
29.9001
30.0001
30.1001
30.2001
30.3001
30.4001
30.5001
30.6001
30.7001
30.8001
30.9001
31.0001
31.1001
31.2001
31.3001
31.4001
31.5001
31.6001
31.7001
31.8001
31.9001
32.0001
32.1001
32.2001
32.3001
32.4001
32.5001
32.6001
32.7001
32.8001
32.9001
33.0001
33.1001
33.2001
33.3001
33.4001
33.5001
33.6001
33.7001
33.8001
33.9001
34.0001
34.1001
34.2001
34.3
34.4
34.5
34.6
34.7
34.8
34.9
35
35.1
35.2
35.3
35.4
35.5
35.6
35.7
35.8
35.9
36
36.1
36.2
36.3
36.4
36.5
36.6
36.7
36.8
36.9
37
37.1
37.2
37.3
37.4
37.5
37.6
37.7
37.8
37.9
38
38.1
38.2
38.3
38.4
38.5
38.6
38.7
38.8
38.9
39
39.1
39.2
39.3
39.4
39.5
39.6
39.7
39.8
39.9
40
40.1
40.2
40.3
40.4
40.5
40.6
40.7
40.7999
40.8999
40.9999
41.0999
41.1999
41.2999
41.3999
41.4999
41.5999
41.6999
41.7999
41.8999
41.9999
42.0999
42.1999
42.2999
42.3999
42.4999
42.5999
42.6999
42.7999
42.8999
42.9999
43.0999
43.1999
43.2999
43.3999
43.4999
43.5999
43.6999
43.7999
43.8999
43.9999
44.0999
44.1999
44.2999
44.3999
44.4999
44.5999
44.6999
44.7999
44.8999
44.9999
45.0999
45.1999
45.2999
45.3999
45.4999
45.5999
45.6999
45.7999
45.8999
45.9999
46.0999
46.1999
46.2999
46.3999
46.4999
46.5999
46.6999
46.7999
46.8999
46.9999
47.0999
47.1999
47.2999
47.3998
47.4998
47.5998
47.6998
47.7998
47.8998
47.9998
48.0998
48.1998
48.2998
48.3998
48.4998
48.5998
48.6998
48.7998
48.8998
48.9998
49.0998
49.1998
49.2998
49.3998
49.4998
49.5998
49.6998
49.7998
49.8998
49.9998
50.0998
50.1998
50.2998
50.3998
50.4998
50.5998
50.6998
50.7998
50.8998
50.9998
51.0998
51.1998
51.2998
51.3998
51.4998
51.5998
51.6998
51.7998
51.8998
51.9998
52.0998
52.1998
52.2998
52.3998
52.4998
52.5998
52.6998
52.7998
52.8998
52.9998
53.0998
53.1998
53.2998
53.3998
53.4998
53.5998
53.6998
53.7998
53.8997
53.9997
54.0997
54.1997
54.2997
54.3997
54.4997
54.5997
54.6997
54.7997
54.8997
54.9997
55.0997
55.1997
55.2997
55.3997
55.4997
55.5997
55.6997
55.7997
55.8997
55.9997
56.0997
56.1997
56.2997
56.3997
56.4997
56.5997
56.6997
56.7997
56.8997
56.9997
57.0997
57.1997
57.2997
57.3997
57.4997
57.5997
57.6997
57.7997
57.8997
57.9997
58.0997
58.1997
58.2997
58.3997
58.4997
58.5997
58.6997
58.7997
58.8997
58.9997
59.0997
59.1997
59.2997
59.3997
59.4997
59.5997
59.6997
59.7997
59.8997
59.9997
60.0997
60.1997
60.2997
60.3997
60.4996
60.5996
60.6996
60.7996
60.8996
60.9996
61.0996
61.1996
61.2996
61.3996
61.4996
61.5996
61.6996
61.7996
61.8996
61.9996
62.0996
62.1996
62.2996
62.3996
62.4996
62.5996
62.6996
62.7996
62.8996
62.9996
63.0996
63.1996
63.2996
63.3996
63.4996
63.5996
63.6996
63.7996
63.8996
63.9996
64.0996
64.1996
64.2996
64.3996
64.4996
64.5996
64.6996
64.7996
64.8996
64.9996
65.0996
65.1996
65.2996
65.3996
65.4996
65.5996
65.6996
65.7996
65.8996
65.9996
66.0996
66.1996
66.2996
66.3996
66.4996
66.5996
66.6996
66.7996
66.8996
66.9995
67.0995
67.1995
67.2995
67.3995
67.4995
67.5995
67.6995
67.7995
67.8995
67.9995
68.0995
68.1995
68.2995
68.3995
68.4995
68.5995
68.6995
68.7995
68.8995
68.9995
69.0995
69.1995
69.2995
69.3995
69.4995
69.5995
69.6995
69.7995
69.8995
69.9995
70.0995
70.1995
70.2995
70.3995
70.4995
70.5995
70.6995
70.7995
70.8995
70.9995
71.0995
71.1995
71.2995
71.3995
71.4995
71.5995
71.6995
71.7995
71.8995
71.9995
72.0995
72.1995
72.2995
72.3995
72.4995
72.5995
72.6995
72.7995
72.8995
72.9995
73.0995
73.1995
73.2995
73.3995
73.4995
73.5994
73.6994
73.7994
73.8994
73.9994
74.0994
74.1994
74.2994
74.3994
74.4994
74.5994
74.6994
74.7994
74.8994
74.9994
75.0994
75.1994
75.2994
75.3994
75.4994
75.5994
75.6994
75.7994
75.8994
75.9994
76.0994
76.1994
76.2994
76.3994
76.4994
76.5994
76.6994
76.7994
76.8994
76.9994
77.0994
77.1994
77.2994
77.3994
77.4994
77.5994
77.6994
77.7994
77.8994
77.9994
78.0994
78.1994
78.2994
78.3994
78.4994
78.5994
78.6994
78.7994
78.8994
78.9994
79.0994
79.1994
79.2994
79.3994
79.4994
79.5994
79.6994
79.7994
79.8994
79.9994
80.0993
80.1993
80.2993
80.3993
80.4993
80.5993
80.6993
80.7993
80.8993
80.9993
81.0993
81.1993
81.2993
81.3993
81.4993
81.5993
81.6993
81.7993
81.8993
81.9993
82.0993
82.1993
82.2993
82.3993
82.4993
82.5993
82.6993
82.7993
82.8993
82.9993
83.0993
83.1993
83.2993
83.3993
83.4993
83.5993
83.6993
83.7993
83.8993
83.9993
84.0993
84.1993
84.2993
84.3993
84.4993
84.5993
84.6993
84.7993
84.8993
84.9993
85.0993
85.1993
85.2993
85.3993
85.4993
85.5993
85.6993
85.7993
85.8993
85.9993
86.0993
86.1993
86.2993
86.3993
86.4993
86.5993
86.6992
86.7992
86.8992
86.9992
87.0992
87.1992
87.2992
87.3992
87.4992
87.5992
87.6992
87.7992
87.8992
87.9992
88.0992
88.1992
88.2992
88.3992
88.4992
88.5992
88.6992
88.7992
88.8992
88.9992
89.0992
89.1992
89.2992
89.3992
89.4992
89.5992
89.6992
89.7992
89.8992
89.9992
90.0992
90.1992
90.2992
90.3992
90.4992
90.5992
90.6992
90.7992
90.8992
90.9992
91.0992
91.1992
91.2992
91.3992
91.4992
91.5992
91.6992
91.7992
91.8992
91.9992
92.0992
92.1992
92.2992
92.3992
92.4992
92.5992
92.6992
92.7992
92.8992
92.9992
93.0992
93.1992
93.2991
93.3991
93.4991
93.5991
93.6991
93.7991
93.8991
93.9991
94.0991
94.1991
94.2991
94.3991
94.4991
94.5991
94.6991
94.7991
94.8991
94.9991
95.0991
95.1991
95.2991
95.3991
95.4991
95.5991
95.6991
95.7991
95.8991
95.9991
96.0991
96.1991
96.2991
96.3991
96.4991
96.5991
96.6991
96.7991
96.8991
96.9991
97.0991
97.1991
97.2991
97.3991
97.4991
97.5991
97.6991
97.7991
97.8991
97.9991
98.0991
98.1991
98.2991
98.3991
98.4991
98.5991
98.6991
98.7991
98.8991
98.9991
99.0991
99.1991
99.2991
99.3991
99.4991
99.5991
99.6991
99.799
99.899
99.999
100.099
100.199
100.299
100.399
100.499
100.599
100.699
100.799
100.899
100.999
101.099
101.199
101.299
101.399
101.499
101.599
101.699
101.799
101.899
101.999
102.099
102.199
102.299
102.399
102.499
102.599
102.699
102.799
102.899
102.999
103.099
103.199
103.299
103.399
103.499
103.599
103.699
103.799
103.899
103.999
104.099
104.199
104.299
104.399
104.499
104.599
104.699
104.799
104.899
104.999
105.099
105.199
105.299
105.399
105.499
105.599
105.699
105.799
105.899
105.999
106.099
106.199
106.299
106.399
106.499
106.599
106.699
106.799
106.899
106.999
107.099
107.199
107.299
107.399
107.499
107.599
107.699
107.799
107.899
107.999
108.099
108.199
108.299
108.399
108.499
108.599
108.699
108.799
108.899
108.999
109.099
109.199
109.299
109.399
109.499
109.599
109.699
109.799
109.899
109.999
110.099
110.199
110.299
110.399
110.499
110.599
110.699
110.799
110.899
110.999
111.099
111.199
111.299
111.399
111.499
111.599
111.699
111.799
111.899
111.999
112.099
112.199
112.299
112.399
112.499
112.599
112.699
112.799
112.899
112.999
113.099
113.199
113.299
113.399
113.499
113.599
113.699
113.799
113.899
113.999
114.099
114.199
114.299
114.399
114.499
114.599
114.699
114.799
114.899
114.999
115.099
115.199
115.299
115.399
115.499
115.599
115.699
115.799
115.899
115.999
116.099
116.199
116.299
116.399
116.499
116.599
116.699
116.799
116.899
116.999
117.099
117.199
117.299
117.399
117.499
117.599
117.699
117.799
117.899
117.999
118.099
118.199
118.299
118.399
118.499
118.599
118.699
118.799
118.899
118.999
119.099
119.199
119.299
119.399
119.499
119.599
119.699
119.799
119.899
119.999
120.099
120.199
120.299
120.399
120.499
120.599
120.699
120.799
120.899
120.999
121.099
121.199
121.299
121.399
121.499
121.599
121.699
121.799
121.899
121.999
122.099
122.199
122.299
122.399
122.499
122.599
122.699
122.799
122.899
122.999
123.099
123.199
123.299
123.399
123.499
123.599
123.699
123.799
123.899
123.999
124.099
124.199
124.299
124.399
124.499
124.599
124.699
124.799
124.899
124.999
125.099
125.199
125.299
125.399
125.499
125.599
125.699
125.799
125.899
125.999
126.099
126.199
126.299
126.399
126.499
126.599
126.699
126.799
126.899
126.999
127.099
127.199
127.299
127.399
127.499
127.599
127.699
127.799
127.899
127.999
128.099
128.199
128.299
128.399
128.499
128.599
128.699
128.799
128.899
128.999
129.099
129.199
129.299
129.399
129.499
129.599
129.699
129.799
129.899
129.999
130.099
130.199
130.299
130.399
130.499
130.599
130.699
130.799
130.899
130.999
131.099
131.199
131.299
131.399
131.499
131.599
131.699
131.799
131.899
131.999
132.099
132.199
132.299
132.399
132.499
132.599
132.699
132.799
132.899
132.999
133.099
133.199
133.299
133.399
133.499
133.599
133.699
133.799
133.899
133.999
134.099
134.199
134.299
134.399
134.499
134.599
134.699
134.799
134.899
134.999
135.099
135.199
135.299
135.399
135.499
135.599
135.699
135.799
135.899
135.999
136.099
136.199
136.299
136.399
136.499
136.599
136.699
136.799
136.899
136.999
137.099
137.199
137.299
137.399
137.499
137.599
137.699
137.799
137.899
137.999
138.099
138.199
138.299
138.399
138.499
138.599
138.699
138.799
138.899
138.999
139.099
139.199
139.299
139.399
139.499
139.599
139.699
139.799
139.899
139.999
140.099
140.199
140.299
140.399
140.499
140.599
140.699
140.799
140.899
140.999
141.099
141.199
141.299
141.399
141.499
141.599
141.699
141.799
141.899
141.999
142.099
142.199
142.299
142.399
142.499
142.6
142.7
142.8
142.9
143
143.1
143.2
143.3
143.4
143.5
143.6
143.7
143.8
143.9
144
144.1
144.2
144.3
144.4
144.5
144.6
144.7
144.8
144.9
145
145.1
145.2
145.3
145.4
145.5
145.6
145.7
145.8
145.9
146
146.1
146.2
146.3
146.4
146.5
146.6
146.7
146.8
146.9
147
147.1
147.2
147.3
147.4
147.5
147.6
147.7
147.8
147.9
148
148.1
148.2
148.3
148.4
148.5
148.6
148.7
148.8
148.9
149
149.1
149.2
149.3
149.4
149.5
149.6
149.7
149.8
149.9
150
150.1
150.2
150.3
150.4
150.5
150.6
150.7
150.8
150.9
151
151.1
151.2
151.3
151.4
151.5
151.6
151.7
151.8
151.9
152
152.1
152.2
152.3
152.4
152.5
152.6
152.7
152.8
152.9
153
153.1
153.2
153.3
153.4
153.5
153.6
153.7
153.8
153.9
154
154.1
154.2
154.3
154.4
154.5
154.6
154.7
154.8
154.9
155
155.1
155.2
155.3
155.4
155.5
155.6
155.7
155.8
155.9
156
156.1
156.2
156.3
156.4
156.5
156.6
156.7
156.8
156.9
157
157.1
157.2
157.3
157.4
157.5
157.6
157.7
157.8
157.9
158
158.1
158.2
158.3
158.4
158.5
158.6
158.7
158.8
158.9
159.001
159.101
159.201
159.301
159.401
159.501
159.601
159.701
159.801
159.901
160.001
160.101
160.201
160.301
160.401
160.501
160.601
160.701
160.801
160.901
161.001
161.101
161.201
161.301
161.401
161.501
161.601
161.701
161.801
161.901
162.001
162.101
162.201
162.301
162.401
162.501
162.601
162.701
162.801
162.901
163.001
163.101
163.201
163.301
163.401
163.501
163.601
163.701
163.801
163.901
164.001
164.101
164.201
164.301
164.401
164.501
164.601
164.701
164.801
164.901
165.001
165.101
165.201
165.301
165.401
165.501
165.601
165.701
165.801
165.901
166.001
166.101
166.201
166.301
166.401
166.501
166.601
166.701
166.801
166.901
167.001
167.101
167.201
167.301
167.401
167.501
167.601
167.701
167.801
167.901
168.001
168.101
168.201
168.301
168.401
168.501
168.601
168.701
168.801
168.901
169.001
169.101
169.201
169.301
169.401
169.501
169.601
169.701
169.801
169.901
170.001
170.101
170.201
170.301
170.401
170.501
170.601
170.701
170.801
170.901
171.001
171.101
171.201
171.301
171.401
171.501
171.601
171.701
171.801
171.901
172.001
172.101
172.201
172.301
172.401
172.501
172.601
172.701
172.801
172.901
173.001
173.101
173.201
173.301
173.401
173.501
173.601
173.701
173.801
173.901
174.001
174.101
174.201
174.301
174.401
174.501
174.601
174.701
174.801
174.901
175.001
175.101
175.201
175.301
175.402
175.502
175.602
175.702
175.802
175.902
176.002
176.102
176.202
176.302
176.402
176.502
176.602
176.702
176.802
176.902
177.002
177.102
177.202
177.302
177.402
177.502
177.602
177.702
177.802
177.902
178.002
178.102
178.202
178.302
178.402
178.502
178.602
178.702
178.802
178.902
179.002
179.102
179.202
179.302
179.402
179.502
179.602
179.702
179.802
179.902
180.002
180.102
180.202
180.302
180.402
180.502
180.602
180.702
180.802
180.902
181.002
181.102
181.202
181.302
181.402
181.502
181.602
181.702
181.802
181.902
182.002
182.102
182.202
182.302
182.402
182.502
182.602
182.702
182.802
182.902
183.002
183.102
183.202
183.302
183.402
183.502
183.602
183.702
183.802
183.902
184.002
184.102
184.202
184.302
184.402
184.502
184.602
184.702
184.802
184.902
185.002
185.102
185.202
185.302
185.402
185.502
185.602
185.702
185.802
185.902
186.002
186.102
186.202
186.302
186.402
186.502
186.602
186.702
186.802
186.902
187.002
187.102
187.202
187.302
187.402
187.502
187.602
187.702
187.802
187.902
188.002
188.102
188.202
188.302
188.402
188.502
188.602
188.702
188.802
188.902
189.002
189.102
189.202
189.302
189.402
189.502
189.602
189.702
189.802
189.902
190.002
190.102
190.202
190.302
190.402
190.502
190.602
190.702
190.802
190.902
191.002
191.102
191.202
191.302
191.402
191.502
191.602
191.702
191.803
191.903
192.003
192.103
192.203
192.303
192.403
192.503
192.603
192.703
192.803
192.903
193.003
193.103
193.203
193.303
193.403
193.503
193.603
193.703
193.803
193.903
194.003
194.103
194.203
194.303
194.403
194.503
194.603
194.703
194.803
194.903
195.003
195.103
195.203
195.303
195.403
195.503
195.603
195.703
195.803
195.903
196.003
196.103
196.203
196.303
196.403
196.503
196.603
196.703
196.803
196.903
197.003
197.103
197.203
197.303
197.403
197.503
197.603
197.703
197.803
197.903
198.003
198.103
198.203
198.303
198.403
198.503
198.603
198.703
198.803
198.903
199.003
199.103
199.203
199.303
199.403
199.503
199.603
199.703
199.803
199.903
200.003
200.103
200.203
200.303
200.403
200.503
200.603
200.703
200.803
200.903
201.003
201.103
201.203
201.303
201.403
201.503
201.603
201.703
201.803
201.903
202.003
202.103
202.203
202.303
202.403
202.503
202.603
202.703
202.803
202.903
203.003
203.103
203.203
203.303
203.403
203.503
203.603
203.703
203.803
203.903
204.003
204.103
204.203
204.303
204.403
204.503
204.603
204.703
204.803
204.903
205.003
205.103
205.203
205.303
205.403
205.503
205.603
205.703
205.803
205.903
206.003
206.103
206.203
206.303
206.403
206.503
206.603
206.703
206.803
206.903
207.003
207.103
207.203
207.303
207.403
207.503
207.603
207.703
207.803
207.903
208.003
208.104
208.204
208.304
208.404
208.504
208.604
208.704
208.804
208.904
209.004
209.104
209.204
209.304
209.404
209.504
209.604
209.704
209.804
209.904
210.004
210.104
210.204
210.304
210.404
210.504
210.604
210.704
210.804
210.904
211.004
211.104
211.204
211.304
211.404
211.504
211.604
211.704
211.804
211.904
212.004
212.104
212.204
212.304
212.404
212.504
212.604
212.704
212.804
212.904
213.004
213.104
213.204
213.304
213.404
213.504
213.604
213.704
213.804
213.904
214.004
214.104
214.204
214.304
214.404
214.504
214.604
214.704
214.804
214.904
215.004
215.104
215.204
215.304
215.404
215.504
215.604
215.704
215.804
215.904
216.004
216.104
216.204
216.304
216.404
216.504
216.604
216.704
216.804
216.904
217.004
217.104
217.204
217.304
217.404
217.504
217.604
217.704
217.804
217.904
218.004
218.104
218.204
218.304
218.404
218.504
218.604
218.704
218.804
218.904
219.004
219.104
219.204
219.304
219.404
219.504
219.604
219.704
219.804
219.904
220.004
220.104
220.204
220.304
220.404
220.504
220.604
220.704
220.804
220.904
221.004
221.104
221.204
221.304
221.404
221.504
221.604
221.704
221.804
221.904
222.004
222.104
222.204
222.304
222.404
222.504
222.604
222.704
222.804
222.904
223.004
223.104
223.204
223.304
223.404
223.504
223.604
223.704
223.804
223.904
224.004
224.104
224.204
224.304
224.404
224.505
224.605
224.705
224.805
224.905
225.005
225.105
225.205
225.305
225.405
225.505
225.605
225.705
225.805
225.905
226.005
226.105
226.205
226.305
226.405
226.505
226.605
226.705
226.805
226.905
227.005
227.105
227.205
227.305
227.405
227.505
227.605
227.705
227.805
227.905
228.005
228.105
228.205
228.305
228.405
228.505
228.605
228.705
228.805
228.905
229.005
229.105
229.205
229.305
229.405
229.505
229.605
229.705
229.805
229.905
230.005
230.105
230.205
230.305
230.405
230.505
230.605
230.705
230.805
230.905
231.005
231.105
231.205
231.305
231.405
231.505
231.605
231.705
231.805
231.905
232.005
232.105
232.205
232.305
232.405
232.505
232.605
232.705
232.805
232.905
233.005
233.105
233.205
233.305
233.405
233.505
233.605
233.705
233.805
233.905
234.005
234.105
234.205
234.305
234.405
234.505
234.605
234.705
234.805
234.905
235.005
235.105
235.205
235.305
235.405
235.505
235.605
235.705
235.805
235.905
236.005
236.105
236.205
236.305
236.405
236.505
236.605
236.705
236.805
236.905
237.005
237.105
237.205
237.305
237.405
237.505
237.605
237.705
237.805
237.905
238.005
238.105
238.205
238.305
238.405
238.505
238.605
238.705
238.805
238.905
239.005
239.105
239.205
239.305
239.405
239.505
239.605
239.705
239.805
239.905
240.005
240.105
240.205
240.305
240.405
240.505
240.605
240.705
240.805
240.906
241.006
241.106
241.206
241.306
241.406
241.506
241.606
241.706
241.806
241.906
242.006
242.106
242.206
242.306
242.406
242.506
242.606
242.706
242.806
242.906
243.006
243.106
243.206
243.306
243.406
243.506
243.606
243.706
243.806
243.906
244.006
244.106
244.206
244.306
244.406
244.506
244.606
244.706
244.806
244.906
245.006
245.106
245.206
245.306
245.406
245.506
245.606
245.706
245.806
245.906
246.006
246.106
246.206
246.306
246.406
246.506
246.606
246.706
246.806
246.906
247.006
247.106
247.206
247.306
247.406
247.506
247.606
247.706
247.806
247.906
248.006
248.106
248.206
248.306
248.406
248.506
248.606
248.706
248.806
248.906
249.006
249.106
249.206
249.306
249.406
249.506
249.606
249.706
249.806
249.906
250.006
250.106
250.206
250.306
250.406
250.506
250.606
250.706
250.806
250.906
251.006
251.106
251.206
251.306
251.406
251.506
251.606
251.706
251.806
251.906
252.006
252.106
252.206
252.306
252.406
252.506
252.606
252.706
252.806
252.906
253.006
253.106
253.206
253.306
253.406
253.506
253.606
253.706
253.806
253.906
254.006
254.106
254.206
254.306
254.406
254.506
254.606
254.706
254.806
254.906
255.006
255.106
255.206
255.306
255.406
255.506
255.606
255.706
255.806
255.906
256.006
256.106
256.206
256.306
256.406
256.506
256.606
256.706
256.806
256.906
257.006
257.106
257.206
257.306
257.406
257.507
257.607
257.707
257.807
257.907
258.007
258.107
258.207
258.307
258.407
258.507
258.607
258.707
258.807
258.907
259.007
259.107
259.207
259.307
259.407
259.507
259.607
259.707
259.807
259.907
260.007
260.107
260.207
260.307
260.407
260.507
260.607
260.707
260.807
260.907
261.007
261.107
261.207
261.307
261.407
261.507
261.607
261.707
261.807
261.907
262.007
262.107
262.207
262.307
262.407
262.507
262.607
262.707
262.807
262.907
263.007
263.107
263.207
263.307
263.407
263.507
263.607
263.707
263.807
263.907
264.007
264.107
264.207
264.307
264.407
264.507
264.607
264.707
264.807
264.907
265.007
265.107
265.207
265.307
265.407
265.507
265.607
265.707
265.807
265.907
266.007
266.107
266.207
266.307
266.407
266.507
266.607
266.707
266.807
266.907
267.007
267.107
267.207
267.307
267.407
267.507
267.607
267.707
267.807
267.907
268.007
268.107
268.207
268.307
268.407
268.507
268.607
268.707
268.807
268.907
269.007
269.107
269.207
269.307
269.407
269.507
269.607
269.707
269.807
269.907
270.007
270.107
270.207
270.307
270.407
270.507
270.607
270.707
270.807
270.907
271.007
271.107
271.207
271.307
271.407
271.507
271.607
271.707
271.807
271.907
272.007
272.107
272.207
272.307
272.407
272.507
272.607
272.707
272.807
272.907
273.007
273.107
273.207
273.307
273.407
273.507
273.607
273.707
273.807
273.908
274.008
274.108
274.208
274.308
274.408
274.508
274.608
274.708
274.808
274.908
275.008
275.108
275.208
275.308
275.408
275.508
275.608
275.708
275.808
275.908
276.008
276.108
276.208
276.308
276.408
276.508
276.608
276.708
276.808
276.908
277.008
277.108
277.208
277.308
277.408
277.508
277.608
277.708
277.808
277.908
278.008
278.108
278.208
278.308
278.408
278.508
278.608
278.708
278.808
278.908
279.008
279.108
279.208
279.308
279.408
279.508
279.608
279.708
279.808
279.908
280.008
280.108
280.208
280.308
280.408
280.508
280.608
280.708
280.808
280.908
281.008
281.108
281.208
281.308
281.408
281.508
281.608
281.708
281.808
281.908
282.008
282.108
282.208
282.308
282.408
282.508
282.608
282.708
282.808
282.908
283.008
283.108
283.208
283.308
283.408
283.508
283.608
283.708
283.808
283.908
284.008
284.108
284.208
284.308
284.408
284.508
284.608
284.708
284.808
284.908
285.008
285.108
285.208
285.308
285.408
285.508
285.608
285.708
285.808
285.908
286.008
286.108
286.208
286.308
286.408
286.508
286.608
286.708
286.808
286.908
287.008
287.108
287.208
287.308
287.408
287.508
287.608
287.708
287.808
287.908
288.008
288.108
288.208
288.308
288.408
288.508
288.608
288.708
288.808
288.908
289.008
289.108
289.208
289.308
289.408
289.508
289.608
289.708
289.808
289.908
290.008
290.108
290.208
290.309
290.409
290.509
290.609
290.709
290.809
290.909
291.009
291.109
291.209
291.309
291.409
291.509
291.609
291.709
291.809
291.909
292.009
292.109
292.209
292.309
292.409
292.509
292.609
292.709
292.809
292.909
293.009
293.109
293.209
293.309
293.409
293.509
293.609
293.709
293.809
293.909
294.009
294.109
294.209
294.309
294.409
294.509
294.609
294.709
294.809
294.909
295.009
295.109
295.209
295.309
295.409
295.509
295.609
295.709
295.809
295.909
296.009
296.109
296.209
296.309
296.409
296.509
296.609
296.709
296.809
296.909
297.009
297.109
297.209
297.309
297.409
297.509
297.609
297.709
297.809
297.909
298.009
298.109
298.209
298.309
298.409
298.509
298.609
298.709
298.809
298.909
299.009
299.109
299.209
299.309
299.409
299.509
299.609
299.709
299.809
299.909
300.009
300.109
300.209
300.309
300.409
300.509
300.609
300.709
300.809
300.909
301.009
301.109
301.209
301.309
301.409
301.509
301.609
301.709
301.809
301.909
302.009
302.109
302.209
302.309
302.409
302.509
302.609
302.709
302.809
302.909
303.009
303.109
303.209
303.309
303.409
303.509
303.609
303.709
303.809
303.909
304.009
304.109
304.209
304.309
304.409
304.509
304.609
304.709
304.809
304.909
305.009
305.109
305.209
305.309
305.409
305.509
305.609
305.709
305.809
305.909
306.009
306.109
306.209
306.309
306.409
306.509
306.609
306.71
306.81
306.91
307.01
307.11
307.21
307.31
307.41
307.51
307.61
307.71
307.81
307.91
308.01
308.11
308.21
308.31
308.41
308.51
308.61
308.71
308.81
308.91
309.01
309.11
309.21
309.31
309.41
309.51
309.61
309.71
309.81
309.91
310.01
310.11
310.21
310.31
310.41
310.51
310.61
310.71
310.81
310.91
311.01
311.11
311.21
311.31
311.41
311.51
311.61
311.71
311.81
311.91
312.01
312.11
312.21
312.31
312.41
312.51
312.61
312.71
312.81
312.91
313.01
313.11
313.21
313.31
313.41
313.51
313.61
313.71
313.81
313.91
314.01
314.11
314.21
314.31
314.41
314.51
314.61
314.71
314.81
314.91
315.01
315.11
315.21
315.31
315.41
315.51
315.61
315.71
315.81
315.91
316.01
316.11
316.21
316.31
316.41
316.51
316.61
316.71
316.81
316.91
317.01
317.11
317.21
317.31
317.41
317.51
317.61
317.71
317.81
317.91
318.01
318.11
318.21
318.31
318.41
318.51
318.61
318.71
318.81
318.91
319.01
319.11
319.21
319.31
319.41
319.51
319.61
319.71
319.81
319.91
320.01
320.11
320.21
320.31
320.41
320.51
320.61
320.71
320.81
320.91
321.01
321.11
321.21
321.31
321.41
321.51
321.61
321.71
321.81
321.91
322.01
322.11
322.21
322.31
322.41
322.51
322.61
322.71
322.81
322.91
323.01
323.111
323.211
323.311
323.411
323.511
323.611
323.711
323.811
323.911
324.011
324.111
324.211
324.311
324.411
324.511
324.611
324.711
324.811
324.911
325.011
325.111
325.211
325.311
325.411
325.511
325.611
325.711
325.811
325.911
326.011
326.111
326.211
326.311
326.411
326.511
326.611
326.711
326.811
326.911
327.011
327.111
327.211
327.311
327.411
327.511
327.611
327.711
327.811
327.911
328.011
328.111
328.211
328.311
328.411
328.511
328.611
328.711
328.811
328.911
329.011
329.111
329.211
329.311
329.411
329.511
329.611
329.711
329.811
329.911
330.011
330.111
330.211
330.311
330.411
330.511
330.611
330.711
330.811
330.911
331.011
331.111
331.211
331.311
331.411
331.511
331.611
331.711
331.811
331.911
332.011
332.111
332.211
332.311
332.411
332.511
332.611
332.711
332.811
332.911
333.011
333.111
333.211
333.311
333.411
333.511
333.611
333.711
333.811
333.911
334.011
334.111
334.211
334.311
334.411
334.511
334.611
334.711
334.811
334.911
335.011
335.111
335.211
335.311
335.411
335.511
335.611
335.711
335.811
335.911
336.011
336.111
336.211
336.311
336.411
336.511
336.611
336.711
336.811
336.911
337.011
337.111
337.211
337.311
337.411
337.511
337.611
337.711
337.811
337.911
338.011
338.111
338.211
338.311
338.411
338.511
338.611
338.711
338.811
338.911
339.011
339.111
339.211
339.311
339.411
339.512
339.612
339.712
339.812
339.912
340.012
340.112
340.212
340.312
340.412
340.512
340.612
340.712
340.812
340.912
341.012
341.112
341.212
341.312
341.412
341.512
341.612
341.712
341.812
341.912
342.012
342.112
342.212
342.312
342.412
342.512
342.612
342.712
342.812
342.912
343.012
343.112
343.212
343.312
343.412
343.512
343.612
343.712
343.812
343.912
344.012
344.112
344.212
344.312
344.412
344.512
344.612
344.712
344.812
344.912
345.012
345.112
345.212
345.312
345.412
345.512
345.612
345.712
345.812
345.912
346.012
346.112
346.212
346.312
346.412
346.512
346.612
346.712
346.812
346.912
347.012
347.112
347.212
347.312
347.412
347.512
347.612
347.712
347.812
347.912
348.012
348.112
348.212
348.312
348.412
348.512
348.612
348.712
348.812
348.912
349.012
349.112
349.212
349.312
349.412
349.512
349.612
349.712
349.812
349.912
350.012
350.112
350.212
350.312
350.412
350.512
350.612
350.712
350.812
350.912
351.012
351.112
351.212
351.312
351.412
351.512
351.612
351.712
351.812
351.912
352.012
352.112
352.212
352.312
352.412
352.512
352.612
352.712
352.812
352.912
353.012
353.112
353.212
353.312
353.412
353.512
353.612
353.712
353.812
353.912
354.012
354.112
354.212
354.312
354.412
354.512
354.612
354.712
354.812
354.912
355.012
355.112
355.212
355.312
355.412
355.512
355.612
355.712
355.812
355.913
356.013
356.113
356.213
356.313
356.413
356.513
356.613
356.713
356.813
356.913
357.013
357.113
357.213
357.313
357.413
357.513
357.613
357.713
357.813
357.913
358.013
358.113
358.213
358.313
358.413
358.513
358.613
358.713
358.813
358.913
359.013
359.113
359.213
359.313
359.413
359.513
359.613
359.713
359.813
359.913
360.013
360.113
360.213
360.313
360.413
360.513
360.613
360.713
360.813
360.913
361.013
361.113
361.213
361.313
361.413
361.513
361.613
361.713
361.813
361.913
362.013
362.113
362.213
362.313
362.413
362.513
362.613
362.713
362.813
362.913
363.013
363.113
363.213
363.313
363.413
363.513
363.613
363.713
363.813
363.913
364.013
364.113
364.213
364.313
364.413
364.513
364.613
364.713
364.813
364.913
365.013
365.113
365.213
365.313
365.413
365.513
365.613
365.713
365.813
365.913
366.013
366.113
366.213
366.313
366.413
366.513
366.613
366.713
366.813
366.913
367.013
367.113
367.213
367.313
367.413
367.513
367.613
367.713
367.813
367.913
368.013
368.113
368.213
368.313
368.413
368.513
368.613
368.713
368.813
368.913
369.013
369.113
369.213
369.313
369.413
369.513
369.613
369.713
369.813
369.913
370.013
370.113
370.213
370.313
370.413
370.513
370.613
370.713
370.813
370.913
371.013
371.113
371.213
371.313
371.413
371.513
371.613
371.713
371.813
371.913
372.013
372.113
372.214
372.314
372.414
372.514
372.614
372.714
372.814
372.914
373.014
373.114
373.214
373.314
373.414
373.514
373.614
373.714
373.814
373.914
374.014
374.114
374.214
374.314
374.414
374.514
374.614
374.714
374.814
374.914
375.014
375.114
375.214
375.314
375.414
375.514
375.614
375.714
375.814
375.914
376.014
376.114
376.214
376.314
376.414
376.514
376.614
376.714
376.814
376.914
377.014
377.114
377.214
377.314
377.414
377.514
377.614
377.714
377.814
377.914
378.014
378.114
378.214
378.314
378.414
378.514
378.614
378.714
378.814
378.914
379.014
379.114
379.214
379.314
379.414
379.514
379.614
379.714
379.814
379.914
380.014
380.114
380.214
380.314
380.414
380.514
380.614
380.714
380.814
380.914
381.014
381.114
381.214
381.314
381.414
381.514
381.614
381.714
381.814
381.914
382.014
382.114
382.214
382.314
382.414
382.514
382.614
382.714
382.814
382.914
383.014
383.114
383.214
383.314
383.414
383.514
383.614
383.714
383.814
383.914
384.014
384.114
384.214
384.314
384.414
384.514
384.614
384.714
384.814
384.914
385.014
385.114
385.214
385.314
385.414
385.514
385.614
385.714
385.814
385.914
386.014
386.114
386.214
386.314
386.414
386.514
386.614
386.714
386.814
386.914
387.014
387.114
387.214
387.314
387.414
387.514
387.614
387.714
387.814
387.914
388.014
388.114
388.214
388.314
388.414
388.514
388.615
388.715
388.815
388.915
389.015
389.115
389.215
389.315
389.415
389.515
389.615
389.715
389.815
389.915
390.015
390.115
390.215
390.315
390.415
390.515
390.615
390.715
390.815
390.915
391.015
391.115
391.215
391.315
391.415
391.515
391.615
391.715
391.815
391.915
392.015
392.115
392.215
392.315
392.415
392.515
392.615
392.715
392.815
392.915
393.015
393.115
393.215
393.315
393.415
393.515
393.615
393.715
393.815
393.915
394.015
394.115
394.215
394.315
394.415
394.515
394.615
394.715
394.815
394.915
395.015
395.115
395.215
395.315
395.415
395.515
395.615
395.715
395.815
395.915
396.015
396.115
396.215
396.315
396.415
396.515
396.615
396.715
396.815
396.915
397.015
397.115
397.215
397.315
397.415
397.515
397.615
397.715
397.815
397.915
398.015
398.115
398.215
398.315
398.415
398.515
398.615
398.715
398.815
398.915
399.015
399.115
399.215
399.315
399.415
399.515
399.615
399.715
399.815
399.915
400.015
400.115
400.215
400.315
400.415
400.515
400.615
400.715
400.815
400.915
401.015
401.115
401.215
401.315
401.415
401.515
401.615
401.715
401.815
401.915
402.015
402.115
402.215
402.315
402.415
402.515
402.615
402.715
402.815
402.915
403.015
403.115
403.215
403.315
403.415
403.515
403.615
403.715
403.815
403.915
404.015
404.115
404.215
404.315
404.415
404.515
404.615
404.715
404.815
404.915
405.016
405.116
405.216
405.316
405.416
405.516
405.616
405.716
405.816
405.916
406.016
406.116
406.216
406.316
406.416
406.516
406.616
406.716
406.816
406.916
407.016
407.116
407.216
407.316
407.416
407.516
407.616
407.716
407.816
407.916
408.016
408.116
408.216
408.316
408.416
408.516
408.616
408.716
408.816
408.916
409.016
409.116
409.216
409.316
409.416
409.516
409.616
409.716
409.816
409.916
410.016
410.116
410.216
410.316
410.416
410.516
410.616
410.716
410.816
410.916
411.016
411.116
411.216
411.316
411.416
411.516
411.616
411.716
411.816
411.916
412.016
412.116
412.216
412.316
412.416
412.516
412.616
412.716
412.816
412.916
413.016
413.116
413.216
413.316
413.416
413.516
413.616
413.716
413.816
413.916
414.016
414.116
414.216
414.316
414.416
414.516
414.616
414.716
414.816
414.916
415.016
415.116
415.216
415.316
415.416
415.516
415.616
415.716
415.816
415.916
416.016
416.116
416.216
416.316
416.416
416.516
416.616
416.716
416.816
416.916
417.016
417.116
417.216
417.316
417.416
417.516
417.616
417.716
417.816
417.916
418.016
418.116
418.216
418.316
418.416
418.516
418.616
418.716
418.816
418.916
419.016
419.116
419.216
419.316
419.416
419.516
419.616
419.716
419.816
419.916
420.016
420.116
420.216
420.316
420.416
420.516
420.616
420.716
420.816
420.916
421.016
421.116
421.216
421.316
421.417
421.517
421.617
421.717
421.817
421.917
422.017
422.117
422.217
422.317
422.417
422.517
422.617
422.717
422.817
422.917
423.017
423.117
423.217
423.317
423.417
423.517
423.617
423.717
423.817
423.917
424.017
424.117
424.217
424.317
424.417
424.517
424.617
424.717
424.817
424.917
425.017
425.117
425.217
425.317
425.417
425.517
425.617
425.717
425.817
425.917
426.017
426.117
426.217
426.317
426.417
426.517
426.617
426.717
426.817
426.917
427.017
427.117
427.217
427.317
427.417
427.517
427.617
427.717
427.817
427.917
428.017
428.117
428.217
428.317
428.417
428.517
428.617
428.717
428.817
428.917
429.017
429.117
429.217
429.317
429.417
429.517
429.617
429.717
429.817
429.917
430.017
430.117
430.217
430.317
430.417
430.517
430.617
430.717
430.817
430.917
431.017
431.117
431.217
431.317
431.417
431.517
431.617
431.717
431.817
431.917
432.017
432.117
432.217
432.317
432.417
432.517
432.617
432.717
432.817
432.917
433.017
433.117
433.217
433.317
433.417
433.517
433.617
433.717
433.817
433.917
434.017
434.117
434.217
434.317
434.417
434.517
434.617
434.717
434.817
434.917
435.017
435.117
435.217
435.317
435.417
435.517
435.617
435.717
435.817
435.917
436.017
436.117
436.217
436.317
436.417
436.517
436.617
436.717
436.817
436.917
437.017
437.117
437.217
437.317
437.417
437.517
437.617
437.717
437.818
437.918
438.018
438.118
438.218
438.318
438.418
438.518
438.618
438.718
438.818
438.918
439.018
439.118
439.218
439.318
439.418
439.518
439.618
439.718
439.818
439.918
440.018
440.118
440.218
440.318
440.418
440.518
440.618
440.718
440.818
440.918
441.018
441.118
441.218
441.318
441.418
441.518
441.618
441.718
441.818
441.918
442.018
442.118
442.218
442.318
442.418
442.518
442.618
442.718
442.818
442.918
443.018
443.118
443.218
443.318
443.418
443.518
443.618
443.718
443.818
443.918
444.018
444.118
444.218
444.318
444.418
444.518
444.618
444.718
444.818
444.918
445.018
445.118
445.218
445.318
445.418
445.518
445.618
445.718
445.818
445.918
446.018
446.118
446.218
446.318
446.418
446.518
446.618
446.718
446.818
446.918
447.018
447.118
447.218
447.318
447.418
447.518
447.618
447.718
447.818
447.918
448.018
448.118
448.218
448.318
448.418
448.518
448.618
448.718
448.818
448.918
449.018
449.118
449.218
449.318
449.418
449.518
449.618
449.718
449.818
449.918
450.018
450.118
450.218
450.318
450.418
450.518
450.618
450.718
450.818
450.918
451.018
451.118
451.218
451.318
451.418
451.518
451.618
451.718
451.818
451.918
452.018
452.118
452.218
452.318
452.418
452.518
452.618
452.718
452.818
452.918
453.018
453.118
453.218
453.318
453.418
453.518
453.618
453.718
453.818
453.918
454.018
454.118
454.219
454.319
454.419
454.519
454.619
454.719
454.819
454.919
455.019
455.119
455.219
455.319
455.419
455.519
455.619
455.719
455.819
455.919
456.019
456.119
456.219
456.319
456.419
456.519
456.619
456.719
456.819
456.919
457.019
457.119
457.219
457.319
457.419
457.519
457.619
457.719
457.819
457.919
458.019
458.119
458.219
458.319
458.419
458.519
458.619
458.719
458.819
458.919
459.019
459.119
459.219
459.319
459.419
459.519
459.619
459.719
459.819
459.919
460.019
460.119
460.219
460.319
460.419
460.519
460.619
460.719
460.819
460.919
461.019
461.119
461.219
461.319
461.419
461.519
461.619
461.719
461.819
461.919
462.019
462.119
462.219
462.319
462.419
462.519
462.619
462.719
462.819
462.919
463.019
463.119
463.219
463.319
463.419
463.519
463.619
463.719
463.819
463.919
464.019
464.119
464.219
464.319
464.419
464.519
464.619
464.719
464.819
464.919
465.019
465.119
465.219
465.319
465.419
465.519
465.619
465.719
465.819
465.919
466.019
466.119
466.219
466.319
466.419
466.519
466.619
466.719
466.819
466.919
467.019
467.119
467.219
467.319
467.419
467.519
467.619
467.719
467.819
467.919
468.019
468.119
468.219
468.319
468.419
468.519
468.619
468.719
468.819
468.919
469.019
469.119
469.219
469.319
469.419
469.519
469.619
469.719
469.819
469.919
470.019
470.119
470.219
470.319
470.419
470.52
470.62
470.72
470.82
470.92
471.02
471.12
471.22
471.32
471.42
471.52
471.62
471.72
471.82
471.92
472.02
472.12
472.22
472.32
472.42
472.52
472.62
472.72
472.82
472.92
473.02
473.12
473.22
473.32
473.42
473.52
473.62
473.72
473.82
473.92
474.02
474.12
474.22
474.32
474.42
474.52
474.62
474.72
474.82
474.92
475.02
475.12
475.22
475.32
475.42
475.52
475.62
475.72
475.82
475.92
476.02
476.12
476.22
476.32
476.42
476.52
476.62
476.72
476.82
476.92
477.02
477.12
477.22
477.32
477.42
477.52
477.62
477.72
477.82
477.92
478.02
478.12
478.22
478.32
478.42
478.52
478.62
478.72
478.82
478.92
479.02
479.12
479.22
479.32
479.42
479.52
479.62
479.72
479.82
479.92
480.02
480.12
480.22
480.32
480.42
480.52
480.62
480.72
480.82
480.92
481.02
481.12
481.22
481.32
481.42
481.52
481.62
481.72
481.82
481.92
482.02
482.12
482.22
482.32
482.42
482.52
482.62
482.72
482.82
482.92
483.02
483.12
483.22
483.32
483.42
483.52
483.62
483.72
483.82
483.92
484.02
484.12
484.22
484.32
484.42
484.52
484.62
484.72
484.82
484.92
485.02
485.12
485.22
485.32
485.42
485.52
485.62
485.72
485.82
485.92
486.02
486.12
486.22
486.32
486.42
486.52
486.62
486.72
486.82
486.921
487.021
487.121
487.221
487.321
487.421
487.521
487.621
487.721
487.821
487.921
488.021
488.121
488.221
488.321
488.421
488.521
488.621
488.721
488.821
488.921
489.021
489.121
489.221
489.321
489.421
489.521
489.621
489.721
489.821
489.921
490.021
490.121
490.221
490.321
490.421
490.521
490.621
490.721
490.821
490.921
491.021
491.121
491.221
491.321
491.421
491.521
491.621
491.721
491.821
491.921
492.021
492.121
492.221
492.321
492.421
492.521
492.621
492.721
492.821
492.921
493.021
493.121
493.221
493.321
493.421
493.521
493.621
493.721
493.821
493.921
494.021
494.121
494.221
494.321
494.421
494.521
494.621
494.721
494.821
494.921
495.021
495.121
495.221
495.321
495.421
495.521
495.621
495.721
495.821
495.921
496.021
496.121
496.221
496.321
496.421
496.521
496.621
496.721
496.821
496.921
497.021
497.121
497.221
497.321
497.421
497.521
497.621
497.721
497.821
497.921
498.021
498.121
498.221
498.321
498.421
498.521
498.621
498.721
498.821
498.921
499.021
499.121
499.221
499.321
499.421
499.521
499.621
499.721
499.821
499.921
500.021
500.121
500.221
500.321
500.421
500.521
500.621
500.721
500.821
500.921
501.021
501.121
501.221
501.321
501.421
501.521
501.621
501.721
501.821
501.921
502.021
502.121
502.221
502.321
502.421
502.521
502.621
502.721
502.821
502.921
503.021
503.121
503.221
503.322
503.422
503.522
503.622
503.722
503.822
503.922
504.022
504.122
504.222
504.322
504.422
504.522
504.622
504.722
504.822
504.922
505.022
505.122
505.222
505.322
505.422
505.522
505.622
505.722
505.822
505.922
506.022
506.122
506.222
506.322
506.422
506.522
506.622
506.722
506.822
506.922
507.022
507.122
507.222
507.322
507.422
507.522
507.622
507.722
507.822
507.922
508.022
508.122
508.222
508.322
508.422
508.522
508.622
508.722
508.822
508.922
509.022
509.122
509.222
509.322
509.422
509.522
509.622
509.722
509.822
509.922
510.022
510.122
510.222
510.322
510.422
510.522
510.622
510.722
510.822
510.922
511.022
511.122
511.222
511.322
511.422
511.522
511.622
511.722
511.822
511.922
512.022
512.122
512.222
512.322
512.422
512.522
512.622
512.722
512.822
512.922
513.022
513.122
513.222
513.322
513.422
513.522
513.622
513.722
513.822
513.922
514.022
514.122
514.221
514.321
514.421
514.521
514.621
514.721
514.821
514.921
515.021
515.121
515.221
515.321
515.421
515.521
515.621
515.721
515.821
515.921
516.021
516.121
516.221
516.321
516.421
516.521
516.621
516.721
516.821
516.921
517.021
517.121
517.221
517.321
517.421
517.521
517.621
517.721
517.821
517.921
518.021
518.121
518.221
518.32
518.42
518.52
518.62
518.72
518.82
518.92
519.02
519.12
519.22
519.32
519.42
519.52
519.62
519.72
519.82
519.92
520.02
520.12
520.22
520.32
520.42
520.52
520.62
520.72
520.82
520.92
521.02
521.12
521.22
521.32
521.42
521.52
521.62
521.72
521.82
521.92
522.02
522.12
522.22
522.32
522.419
522.519
522.619
522.719
522.819
522.919
523.019
523.119
523.219
523.319
523.419
523.519
523.619
523.719
523.819
523.919
524.019
524.119
524.219
524.319
524.419
524.519
524.619
524.719
524.819
524.919
525.019
525.119
525.219
525.319
525.419
525.519
525.619
525.719
525.819
525.919
526.019
526.119
526.219
526.319
526.419
526.518
526.618
526.718
526.818
526.918
527.018
527.118
527.218
527.318
527.418
527.518
527.618
527.718
527.818
527.918
528.018
528.118
528.218
528.318
528.418
528.518
528.618
528.718
528.818
528.918
529.018
529.118
529.218
529.318
529.418
529.518
529.618
529.718
529.818
529.918
530.018
530.118
530.218
530.318
530.418
530.518
530.617
530.717
530.817
530.917
531.017
531.117
531.217
531.317
531.417
531.517
531.617
531.717
531.817
531.917
532.017
532.117
532.217
532.317
532.417
532.517
532.617
532.717
532.817
532.917
533.017
533.117
533.217
533.317
533.417
533.517
533.617
533.717
533.817
533.917
534.017
534.117
534.217
534.317
534.417
534.517
534.617
534.716
534.816
534.916
535.016
535.116
535.216
535.316
535.416
535.516
535.616
535.716
535.816
535.916
536.016
536.116
536.216
536.316
536.416
536.516
536.616
536.716
536.816
536.916
537.016
537.116
537.216
537.316
537.416
537.516
537.616
537.716
537.816
537.916
538.016
538.116
538.216
538.316
538.416
538.516
538.616
538.716
538.815
538.915
539.015
539.115
539.215
539.315
539.415
539.515
539.615
539.715
539.815
539.915
540.015
540.115
540.215
540.315
540.415
540.515
540.615
540.715
540.815
540.915
541.015
541.115
541.215
541.315
541.415
541.515
541.615
541.715
541.815
541.915
542.015
542.115
542.215
542.315
542.415
542.515
542.615
542.715
542.815
542.914
543.014
543.114
543.214
543.314
543.414
543.514
543.614
543.714
543.814
543.914
544.014
544.114
544.214
544.314
544.414
544.514
544.614
544.714
544.814
544.914
545.014
545.114
545.214
545.314
545.414
545.514
545.614
545.714
545.814
545.914
546.014
546.114
546.214
546.314
546.414
546.514
546.614
546.714
546.814
546.914
547.013
547.113
547.213
547.313
547.413
547.513
547.613
547.713
547.813
547.913
548.013
548.113
548.213
548.313
548.413
548.513
548.613
548.713
548.813
548.913
549.013
549.113
549.213
549.313
549.413
549.513
549.613
549.713
549.813
549.913
550.013
550.113
550.213
550.313
550.413
550.513
550.613
550.713
550.813
550.913
551.013
551.112
551.212
551.312
551.412
551.512
551.612
551.712
551.812
551.912
552.012
552.112
552.212
552.312
552.412
552.512
552.612
552.712
552.812
552.912
553.012
553.112
553.212
553.312
553.412
553.512
553.612
553.712
553.812
553.912
554.012
554.112
554.212
554.312
554.412
554.512
554.612
554.712
554.812
554.912
555.012
555.112
555.211
555.311
555.411
555.511
555.611
555.711
555.811
555.911
556.011
556.111
556.211
556.311
556.411
556.511
556.611
556.711
556.811
556.911
557.011
557.111
557.211
557.311
557.411
557.511
557.611
557.711
557.811
557.911
558.011
558.111
558.211
558.311
558.411
558.511
558.611
558.711
558.811
558.911
559.011
559.111
559.211
559.31
559.41
559.51
559.61
559.71
559.81
559.91
560.01
560.11
560.21
560.31
560.41
560.51
560.61
560.71
560.81
560.91
561.01
561.11
561.21
561.31
561.41
561.51
561.61
561.71
561.81
561.91
562.01
562.11
562.21
562.31
562.41
562.51
562.61
562.71
562.81
562.91
563.01
563.11
563.21
563.31
563.409
563.509
563.609
563.709
563.809
563.909
564.009
564.109
564.209
564.309
564.409
564.509
564.609
564.709
564.809
564.909
565.009
565.109
565.209
565.309
565.409
565.509
565.609
565.709
565.809
565.909
566.009
566.109
566.209
566.309
566.409
566.509
566.609
566.709
566.809
566.909
567.009
567.109
567.209
567.309
567.409
567.508
567.608
567.708
567.808
567.908
568.008
568.108
568.208
568.308
568.408
568.508
568.608
568.708
568.808
568.908
569.008
569.108
569.208
569.308
569.408
569.508
569.608
569.708
569.808
569.908
570.008
570.108
570.208
570.308
570.408
570.508
570.608
570.708
570.808
570.908
571.008
571.108
571.208
571.308
571.408
571.508
571.607
571.707
571.807
571.907
572.007
572.107
572.207
572.307
572.407
572.507
572.607
572.707
572.807
572.907
573.007
573.107
573.207
573.307
573.407
573.507
573.607
573.707
573.807
573.907
574.007
574.107
574.207
574.307
574.407
574.507
574.607
574.707
574.807
574.907
575.007
575.107
575.207
575.307
575.407
575.507
575.607
575.706
575.806
575.906
576.006
576.106
576.206
576.306
576.406
576.506
576.606
576.706
576.806
576.906
577.006
577.106
577.206
577.306
577.406
577.506
577.606
577.706
577.806
577.906
578.006
578.106
578.206
578.306
578.406
578.506
578.606
578.706
578.806
578.906
579.006
579.106
579.206
579.306
579.406
579.506
579.606
579.706
579.805
579.905
580.005
580.105
580.205
580.305
580.405
580.505
580.605
580.705
580.805
580.905
581.005
581.105
581.205
581.305
581.405
581.505
581.605
581.705
581.805
581.905
582.005
582.105
582.205
582.305
582.405
582.505
582.605
582.705
582.805
582.905
583.005
583.105
583.205
583.305
583.405
583.505
583.605
583.705
583.805
583.904
584.004
584.104
584.204
584.304
584.404
584.504
584.604
584.704
584.804
584.904
585.004
585.104
585.204
585.304
585.404
585.504
585.604
585.704
585.804
585.904
586.004
586.104
586.204
586.304
586.404
586.504
586.604
586.704
586.804
586.904
587.004
587.104
587.204
587.304
587.404
587.504
587.604
587.704
587.804
587.904
588.003
588.103
588.203
588.303
588.403
588.503
588.603
588.703
588.803
588.903
589.003
589.103
589.203
589.303
589.403
589.503
589.603
589.703
589.803
589.903
590.003
590.103
590.203
590.303
590.403
590.503
590.603
590.703
590.803
590.903
591.003
591.103
591.203
591.303
591.403
591.503
591.603
591.703
591.803
591.903
592.003
592.102
592.202
592.302
592.402
592.502
592.602
592.702
592.802
592.902
593.002
593.102
593.202
593.302
593.402
593.502
593.602
593.702
593.802
593.902
594.002
594.102
594.202
594.302
594.402
594.502
594.602
594.702
594.802
594.902
595.002
595.102
595.202
595.302
595.402
595.502
595.602
595.702
595.802
595.902
596.002
596.102
596.201
596.301
596.401
596.501
596.601
596.701
596.801
596.901
597.001
597.101
597.201
597.301
597.401
597.501
597.601
597.701
597.801
597.901
598.001
598.101
598.201
598.301
598.401
598.501
598.601
598.701
598.801
598.901
599.001
599.101
599.201
599.301
599.401
599.501
599.601
599.701
599.801
599.901
600.001
600.101
600.201
600.3
600.4
600.5
600.6
600.7
600.8
600.9
601
601.1
601.2
601.3
601.4
601.5
601.6
601.7
601.8
601.9
602
602.1
602.2
602.3
602.4
602.5
602.6
602.7
602.8
602.9
603
603.1
603.2
603.3
603.4
603.5
603.6
603.7
603.8
603.9
604
604.1
604.2
604.299
604.399
604.499
604.599
604.699
604.799
604.899
604.999
605.099
605.199
605.299
605.399
605.499
605.599
605.699
605.799
605.899
605.999
606.099
606.199
606.299
606.399
606.499
606.599
606.699
606.799
606.899
606.999
607.099
607.199
607.299
607.399
607.499
607.599
607.699
607.799
607.899
607.999
608.099
608.199
608.299
608.398
608.498
608.598
608.698
608.798
608.898
608.998
609.098
609.198
609.298
609.398
609.498
609.598
609.698
609.798
609.898
609.998
610.098
610.198
610.298
610.398
610.498
610.598
610.698
610.798
610.898
610.998
611.098
611.198
611.298
611.398
611.498
611.598
611.698
611.798
611.898
611.998
612.098
612.198
612.298
612.398
612.497
612.597
612.697
612.797
612.897
612.997
613.097
613.197
613.297
613.397
613.497
613.597
613.697
613.797
613.897
613.997
614.097
614.197
614.297
614.397
614.497
614.597
614.697
614.797
614.897
614.997
615.097
615.197
615.297
615.397
615.497
615.597
615.697
615.797
615.897
615.997
616.097
616.197
616.297
616.397
616.497
616.596
616.696
616.796
616.896
616.996
617.096
617.196
617.296
617.396
617.496
617.596
617.696
617.796
617.896
617.996
618.096
618.196
618.296
618.396
618.496
618.596
618.696
618.796
618.896
618.996
619.096
619.196
619.296
619.396
619.496
619.596
619.696
619.796
619.896
619.996
620.096
620.196
620.296
620.396
620.496
620.596
620.695
620.795
620.895
620.995
621.095
621.195
621.295
621.395
621.495
621.595
621.695
621.795
621.895
621.995
622.095
622.195
622.295
622.395
622.495
622.595
622.695
622.795
622.895
622.995
623.095
623.195
623.295
623.395
623.495
623.595
623.695
623.795
623.895
623.995
624.095
624.195
624.295
624.395
624.495
624.595
624.695
624.794
624.894
624.994
625.094
625.194
625.294
625.394
625.494
625.594
625.694
625.794
625.894
625.994
626.094
626.194
626.294
626.394
626.494
626.594
626.694
626.794
626.894
626.994
627.094
627.194
627.294
627.394
627.494
627.594
627.694
627.794
627.894
627.994
628.094
628.194
628.294
628.394
628.494
628.594
628.694
628.794
628.893
628.993
629.093
629.193
629.293
629.393
629.493
629.593
629.693
629.793
629.893
629.993
630.093
630.193
630.293
630.393
630.493
630.593
630.693
630.793
630.893
630.993
631.093
631.193
631.293
631.393
631.493
631.593
631.693
631.793
631.893
631.993
632.093
632.193
632.293
632.393
632.493
632.593
632.693
632.793
632.893
632.992
633.092
633.192
633.292
633.392
633.492
633.592
633.692
633.792
633.892
633.992
634.092
634.192
634.292
634.392
634.492
634.592
634.692
634.792
634.892
634.992
635.092
635.192
635.292
635.392
635.492
635.592
635.692
635.792
635.892
635.992
636.092
636.192
636.292
636.392
636.492
636.592
636.692
636.792
636.892
636.992
637.091
637.191
637.291
637.391
637.491
637.591
637.691
637.791
637.891
637.991
638.091
638.191
638.291
638.391
638.491
638.591
638.691
638.791
638.891
638.991
639.091
639.191
639.291
639.391
639.491
639.591
639.691
639.791
639.891
639.991
640.091
640.191
640.291
640.391
640.491
640.591
640.691
640.791
640.891
640.991
641.091
641.19
641.29
641.39
641.49
641.59
641.69
641.79
641.89
641.99
642.09
642.19
642.29
642.39
642.49
642.59
642.69
642.79
642.89
642.99
643.09
643.19
643.29
643.39
643.49
643.59
643.69
643.79
643.89
643.99
644.09
644.19
644.29
644.39
644.49
644.59
644.69
644.79
644.89
644.99
645.09
645.19
645.289
645.389
645.489
645.589
645.689
645.789
645.889
645.989
646.089
646.189
646.289
646.389
646.489
646.589
646.689
646.789
646.889
646.989
647.089
647.189
647.289
647.389
647.489
647.589
647.689
647.789
647.889
647.989
648.089
648.189
648.289
648.389
648.489
648.589
648.689
648.789
648.889
648.989
649.089
649.189
649.289
649.388
649.488
649.588
649.688
649.788
649.888
649.988
650.088
650.188
650.288
650.388
650.488
650.588
650.688
650.788
650.888
650.988
651.088
651.188
651.288
651.388
651.488
651.588
651.688
651.788
651.888
651.988
652.088
652.188
652.288
652.388
652.488
652.588
652.688
652.788
652.888
652.988
653.088
653.188
653.288
653.388
653.487
653.587
653.687
653.787
653.887
653.987
654.087
654.187
654.287
654.387
654.487
654.587
654.687
654.787
654.887
654.987
655.087
655.187
655.287
655.387
655.487
655.587
655.687
655.787
655.887
655.987
656.087
656.187
656.287
656.387
656.487
656.587
656.687
656.787
656.887
656.987
657.087
657.187
657.287
657.387
657.487
657.586
657.686
657.786
657.886
657.986
658.086
658.186
658.286
658.386
658.486
658.586
658.686
658.786
658.886
658.986
659.086
659.186
659.286
659.386
659.486
659.586
659.686
659.786
659.886
659.986
660.086
660.186
660.286
660.386
660.486
660.586
660.686
660.786
660.886
660.986
661.086
661.186
661.286
661.386
661.486
661.586
661.685
661.785
661.885
661.985
662.085
662.185
662.285
662.385
662.485
662.585
662.685
662.785
662.885
662.985
663.085
663.185
663.285
663.385
663.485
663.585
663.685
663.785
663.885
663.985
664.085
664.185
664.285
664.385
664.485
664.585
664.685
664.785
664.885
664.985
665.085
665.185
665.285
665.385
665.485
665.585
665.685
665.784
665.884
665.984
666.084
666.184
666.284
666.384
666.484
666.584
666.684
666.784
666.884
666.984
667.084
667.184
667.284
667.384
667.484
667.584
667.684
667.784
667.884
667.984
668.084
668.184
668.284
668.384
668.484
668.584
668.684
668.784
668.884
668.984
669.084
669.184
669.284
669.384
669.484
669.584
669.684
669.784
669.883
669.983
670.083
670.183
670.283
670.383
670.483
670.583
670.683
670.783
670.883
670.983
671.083
671.183
671.283
671.383
671.483
671.583
671.683
671.783
671.883
671.983
672.083
672.183
672.283
672.383
672.483
672.583
672.683
672.783
672.883
672.983
673.083
673.183
673.283
673.383
673.483
673.583
673.683
673.783
673.883
673.982
674.082
674.182
674.282
674.382
674.482
674.582
674.682
674.782
674.882
674.982
675.082
675.182
675.282
675.382
675.482
675.582
675.682
675.782
675.882
675.982
676.082
676.182
676.282
676.382
676.482
676.582
676.682
676.782
676.882
676.982
677.082
677.182
677.282
677.382
677.482
677.582
677.682
677.782
677.882
677.982
678.081
678.181
678.281
678.381
678.481
678.581
678.681
678.781
678.881
678.981
679.081
679.181
679.281
679.381
679.481
679.581
679.681
679.781
679.881
679.981
680.081
680.181
680.281
680.381
680.481
680.581
680.681
680.781
680.881
680.981
681.081
681.181
681.281
681.381
681.481
681.581
681.681
681.781
681.881
681.981
682.081
682.18
682.28
682.38
682.48
682.58
682.68
682.78
682.88
682.98
683.08
683.18
683.28
683.38
683.48
683.58
683.68
683.78
683.88
683.98
684.08
684.18
684.28
684.38
684.48
684.58
684.68
684.78
684.88
684.98
685.08
685.18
685.28
685.38
685.48
685.58
685.68
685.78
685.88
685.98
686.08
686.18
686.279
686.379
686.479
686.579
686.679
686.779
686.879
686.979
687.079
687.179
687.279
687.379
687.479
687.579
687.679
687.779
687.879
687.979
688.079
688.179
688.279
688.379
688.479
688.579
688.679
688.779
688.879
688.979
689.079
689.179
689.279
689.379
689.479
689.579
689.679
689.779
689.879
689.979
690.079
690.179
690.279
690.378
690.478
690.578
690.678
690.778
690.878
690.978
691.078
691.178
691.278
691.378
691.478
691.578
691.678
691.778
691.878
691.978
692.078
692.178
692.278
692.378
692.478
692.578
692.678
692.778
692.878
692.978
693.078
693.178
693.278
693.378
693.478
693.578
693.678
693.778
693.878
693.978
694.078
694.178
694.278
694.378
694.477
694.577
694.677
694.777
694.877
694.977
695.077
695.177
695.277
695.377
695.477
695.577
695.677
695.777
695.877
695.977
696.077
696.177
696.277
696.377
696.477
696.577
696.677
696.777
696.877
696.977
697.077
697.177
697.277
697.377
697.477
697.577
697.677
697.777
697.877
697.977
698.077
698.177
698.277
698.377
698.477
698.576
698.676
698.776
698.876
698.976
699.076
699.176
699.276
699.376
699.476
699.576
699.676
699.776
699.876
699.976
700.076
700.176
700.276
700.376
700.476
700.576
700.676
700.776
700.876
700.976
701.076
701.176
701.276
701.376
701.476
701.576
701.676
701.776
701.876
701.976
702.076
702.176
702.276
702.376
702.476
702.576
702.675
702.775
702.875
702.975
703.075
703.175
703.275
703.375
703.475
703.575
703.675
703.775
703.875
703.975
704.075
704.175
704.275
704.375
704.475
704.575
704.675
704.775
704.875
704.975
705.075
705.175
705.275
705.375
705.475
705.575
705.675
705.775
705.875
705.975
706.075
706.175
706.275
706.375
706.475
706.575
706.674
706.774
706.874
706.974
707.074
707.174
707.274
707.374
707.474
707.574
707.674
707.774
707.874
707.974
708.074
708.174
708.274
708.374
708.474
708.574
708.674
708.774
708.874
708.974
709.074
709.174
709.274
709.374
709.474
709.574
709.674
709.774
709.874
709.974
710.074
710.174
710.274
710.374
710.474
710.574
710.674
710.773
710.873
710.973
711.073
711.173
711.273
711.373
711.473
711.573
711.673
711.773
711.873
711.973
712.073
712.173
712.273
712.373
712.473
712.573
712.673
712.773
712.873
712.973
713.073
713.173
713.273
713.373
713.473
713.573
713.673
713.773
713.873
713.973
714.073
714.173
714.273
714.373
714.473
714.573
714.673
714.773
714.872
714.972
715.072
715.172
715.272
715.372
715.472
715.572
715.672
715.772
715.872
715.972
716.072
716.172
716.272
716.372
716.472
716.572
716.672
716.772
716.872
716.972
717.072
717.172
717.272
717.372
717.472
717.572
717.672
717.772
717.872
717.972
718.072
718.172
718.272
718.372
718.472
718.572
718.672
718.772
718.872
718.971
719.071
719.171
719.271
719.371
719.471
719.571
719.671
719.771
719.871
719.971
720.071
720.171
720.271
720.371
720.471
720.571
720.671
720.771
720.871
720.971
721.071
721.171
721.271
721.371
721.471
721.571
721.671
721.771
721.871
721.971
722.071
722.171
722.271
722.371
722.471
722.571
722.671
722.771
722.871
722.971
723.07
723.17
723.27
723.37
723.47
723.57
723.67
723.77
723.87
723.97
724.07
724.17
724.27
724.37
724.47
724.57
724.67
724.77
724.87
724.97
725.07
725.17
725.27
725.37
725.47
725.57
725.67
725.77
725.87
725.97
726.07
726.17
726.27
726.37
726.47
726.57
726.67
726.77
726.87
726.97
727.07
727.169
727.269
727.369
727.469
727.569
727.669
727.769
727.869
727.969
728.069
728.169
728.269
728.369
728.469
728.569
728.669
728.769
728.869
728.969
729.069
729.169
729.269
729.369
729.469
729.569
729.669
729.769
729.869
729.969
730.069
730.169
730.269
730.369
730.469
730.569
730.669
730.769
730.869
730.969
731.069
731.169
731.268
731.368
731.468
731.568
731.668
731.768
731.868
731.968
732.068
732.168
732.268
732.368
732.468
732.568
732.668
732.768
732.868
732.968
733.068
733.168
733.268
733.368
733.468
733.568
733.668
733.768
733.868
733.968
734.068
734.168
734.268
734.368
734.468
734.568
734.668
734.768
734.868
734.968
735.068
735.168
735.268
735.367
735.467
735.567
735.667
735.767
735.867
735.967
736.067
736.167
736.267
736.367
736.467
736.567
736.667
736.767
736.867
736.967
737.067
737.167
737.267
737.367
737.467
737.567
737.667
737.767
737.867
737.967
738.067
738.167
738.267
738.367
738.467
738.567
738.667
738.767
738.867
738.967
739.067
739.167
739.267
739.367
739.466
739.566
739.666
739.766
739.866
739.966
740.066
740.166
740.266
740.366
740.466
740.566
740.666
740.766
740.866
740.966
741.066
741.166
741.266
741.366
741.466
741.566
741.666
741.766
741.866
741.966
742.066
742.166
742.266
742.366
742.466
742.566
742.666
742.766
742.866
742.966
743.066
743.166
743.266
743.366
743.466
743.565
743.665
743.765
743.865
743.965
744.065
744.165
744.265
744.365
744.465
744.565
744.665
744.765
744.865
744.965
745.065
745.165
745.265
745.365
745.465
745.565
745.665
745.765
745.865
745.965
746.065
746.165
746.265
746.365
746.465
746.565
746.665
746.765
746.865
746.965
747.065
747.165
747.265
747.365
747.465
747.565
747.664
747.764
747.864
747.964
748.064
748.164
748.264
748.364
748.464
748.564
748.664
748.764
748.864
748.964
749.064
749.164
749.264
749.364
749.464
749.564
749.664
749.764
749.864
749.964
750.064
750.164
750.264
750.364
750.464
750.564
750.664
750.764
750.864
750.964
751.064
751.164
751.264
751.364
751.464
751.564
751.664
751.763
751.863
751.963
752.063
752.163
752.263
752.363
752.463
752.563
752.663
752.763
752.863
752.963
753.063
753.163
753.263
753.363
753.463
753.563
753.663
753.763
753.863
753.963
754.063
754.163
754.263
754.363
754.463
754.563
754.663
754.763
754.863
754.963
755.063
755.163
755.263
755.363
755.463
755.563
755.663
755.763
755.862
755.962
756.062
756.162
756.262
756.362
756.462
756.562
756.662
756.762
756.862
756.962
757.062
757.162
757.262
757.362
757.462
757.562
757.662
757.762
757.862
757.962
758.062
758.162
758.262
758.362
758.462
758.562
758.662
758.762
758.862
758.962
759.062
759.162
759.262
759.362
759.462
759.562
759.662
759.762
759.862
759.961
760.061
760.161
760.261
760.361
760.461
760.561
760.661
760.761
760.861
760.961
761.061
761.161
761.261
761.361
761.461
761.561
761.661
761.761
761.861
761.961
762.061
762.161
762.261
762.361
762.461
762.561
762.661
762.761
762.861
762.961
763.061
763.161
763.261
763.361
763.461
763.561
763.661
763.761
763.861
763.961
764.06
764.16
764.26
764.36
764.46
764.56
764.66
764.76
764.86
764.96
765.06
765.16
765.26
765.36
765.46
765.56
765.66
765.76
765.86
765.96
766.06
766.16
766.26
766.36
766.46
766.56
766.66
766.76
766.86
766.96
767.06
767.16
767.26
767.36
767.46
767.56
767.66
767.76
767.86
767.96
768.06
768.159
768.259
768.359
768.459
768.559
768.659
768.759
768.859
768.959
769.059
769.159
769.259
769.359
769.459
769.559
769.659
769.759
769.859
769.959
770.059
770.159
770.259
770.359
770.459
770.559
770.659
770.759
770.859
770.959
771.059
771.159
771.259
771.359
771.459
771.559
771.659
771.759
771.859
771.959
772.059
772.159
772.258
772.358
772.458
772.558
772.658
772.758
772.858
772.958
773.058
773.158
773.258
773.358
773.458
773.558
773.658
773.758
773.858
773.958
774.058
774.158
774.258
774.358
774.458
774.558
774.658
774.758
774.858
774.958
775.058
775.158
775.258
775.358
775.458
775.558
775.658
775.758
775.858
775.958
776.058
776.158
776.258
776.357
776.457
776.557
776.657
776.757
776.857
776.957
777.057
777.157
777.257
777.357
777.457
777.557
777.657
777.757
777.857
777.957
778.057
778.157
778.257
778.357
778.457
778.557
778.657
778.757
778.857
778.957
779.057
779.157
779.257
779.357
779.457
779.557
779.657
779.757
779.857
779.957
780.057
780.157
780.257
780.357
780.456
780.556
780.656
780.756
780.856
780.956
781.056
781.156
781.256
781.356
781.456
781.556
781.656
781.756
781.856
781.956
782.056
782.156
782.256
782.356
782.456
782.556
782.656
782.756
782.856
782.956
783.056
783.156
783.256
783.356
783.456
783.556
783.656
783.756
783.856
783.956
784.056
784.156
784.256
784.356
784.456
784.555
784.655
784.755
784.855
784.955
785.055
785.155
785.255
785.355
785.455
785.555
785.655
785.755
785.855
785.955
786.055
786.155
786.255
786.355
786.455
786.555
786.655
786.755
786.855
786.955
787.055
787.155
787.255
787.355
787.455
787.555
787.655
787.755
787.855
787.955
788.055
788.155
788.255
788.355
788.455
788.555
788.654
788.754
788.854
788.954
789.054
789.154
789.254
789.354
789.454
789.554
789.654
789.754
789.854
789.954
790.054
790.154
790.254
790.354
790.454
790.554
790.654
790.754
790.854
790.954
791.054
791.154
791.254
791.354
791.454
791.554
791.654
791.754
791.854
791.954
792.054
792.154
792.254
792.354
792.454
792.554
792.654
792.753
792.853
792.953
793.053
793.153
793.253
793.353
793.453
793.553
793.653
793.753
793.853
793.953
794.053
794.153
794.253
794.353
794.453
794.553
794.653
794.753
794.853
794.953
795.053
795.153
795.253
795.353
795.453
795.553
795.653
795.753
795.853
795.953
796.053
796.153
796.253
796.353
796.453
796.553
796.653
796.753
796.852
796.952
797.052
797.152
797.252
797.352
797.452
797.552
797.652
797.752
797.852
797.952
798.052
798.152
798.252
798.352
798.452
798.552
798.652
798.752
798.852
798.952
799.052
799.152
799.252
799.352
799.452
799.552
799.652
799.752
799.852
799.952
800.052
800.152
800.252
800.352
800.452
800.552
800.652
800.752
800.852
800.951
801.051
801.151
801.251
801.351
801.451
801.551
801.651
801.751
801.851
801.951
802.051
802.151
802.251
802.351
802.451
802.551
802.651
802.751
802.851
802.951
803.051
803.151
803.251
803.351
803.451
803.551
803.651
803.751
803.851
803.951
804.051
804.151
804.251
804.351
804.451
804.551
804.651
804.751
804.851
804.951
805.05
805.15
805.25
805.35
805.45
805.55
805.65
805.75
805.85
805.95
806.05
806.15
806.25
806.35
806.45
806.55
806.65
806.75
806.85
806.95
807.05
807.15
807.25
807.35
807.45
807.55
807.65
807.75
807.85
807.95
808.05
808.15
808.25
808.35
808.45
808.55
808.65
808.75
808.85
808.95
809.049
809.149
809.249
809.349
809.449
809.549
809.649
809.749
809.849
809.949
810.049
810.149
810.249
810.349
810.449
810.549
810.649
810.749
810.849
810.949
811.049
811.149
811.249
811.349
811.449
811.549
811.649
811.749
811.849
811.949
812.049
812.149
812.249
812.349
812.449
812.549
812.649
812.749
812.849
812.949
813.049
813.148
813.248
813.348
813.448
813.548
813.648
813.748
813.848
813.948
814.048
814.148
814.248
814.348
814.448
814.548
814.648
814.748
814.848
814.948
815.048
815.148
815.248
815.348
815.448
815.548
815.648
815.748
815.848
815.948
816.048
816.148
816.248
816.348
816.448
816.548
816.648
816.748
816.848
816.948
817.048
817.148
817.247
817.347
817.447
817.547
817.647
817.747
817.847
817.947
818.047
818.147
818.247
818.347
818.447
818.547
818.647
818.747
818.847
818.947
819.047
819.147
819.247
819.347
819.447
819.547
819.647
819.747
819.847
819.947
820.047
820.147
820.247
820.347
820.447
820.547
820.647
820.747
820.847
820.947
821.047
821.147
821.247
821.346
821.446
821.546
821.646
821.746
821.846
821.946
822.046
822.146
822.246
822.346
822.446
822.546
822.646
822.746
822.846
822.946
823.046
823.146
823.246
823.346
823.446
823.546
823.646
823.746
823.846
823.946
824.046
824.146
824.246
824.346
824.446
824.546
824.646
824.746
824.846
824.946
825.046
825.146
825.246
825.346
825.445
825.545
825.645
825.745
825.845
825.945
826.045
826.145
826.245
826.345
826.445
826.545
826.645
826.745
826.845
826.945
827.045
827.145
827.245
827.345
827.445
827.545
827.645
827.745
827.845
827.945
828.045
828.145
828.245
828.345
828.445
828.545
828.645
828.745
828.845
828.945
829.045
829.145
829.245
829.345
829.445
829.544
829.644
829.744
829.844
829.944
830.044
830.144
830.244
830.344
830.444
830.544
830.644
830.744
830.844
830.944
831.044
831.144
831.244
831.344
831.444
831.544
831.644
831.744
831.844
831.944
832.044
832.144
832.244
832.344
832.444
832.544
832.644
832.744
832.844
832.944
833.044
833.144
833.244
833.344
833.444
833.544
833.643
833.743
833.843
833.943
834.043
834.143
834.243
834.343
834.443
834.543
834.643
834.743
834.843
834.943
835.043
835.143
835.243
835.343
835.443
835.543
835.643
835.743
835.843
835.943
836.043
836.143
836.243
836.343
836.443
836.543
836.643
836.743
836.843
836.943
837.043
837.143
837.243
837.343
837.443
837.543
837.643
837.742
837.842
837.942
838.042
838.142
838.242
838.342
838.442
838.542
838.642
838.742
838.842
838.942
839.042
839.142
839.242
839.342
839.442
839.542
839.642
839.742
839.842
839.942
840.042
840.142
840.242
840.342
840.442
840.542
840.642
840.742
840.842
840.942
841.042
841.142
841.242
841.342
841.442
841.542
841.642
841.742
841.841
841.941
842.041
842.141
842.241
842.341
842.441
842.541
842.641
842.741
842.841
842.941
843.041
843.141
843.241
843.341
843.441
843.541
843.641
843.741
843.841
843.941
844.041
844.141
844.241
844.341
844.441
844.541
844.641
844.741
844.841
844.941
845.041
845.141
845.241
845.341
845.441
845.541
845.641
845.741
845.841
845.94
846.04
846.14
846.24
846.34
846.44
846.54
846.64
846.74
846.84
846.94
847.04
847.14
847.24
847.34
847.44
847.54
847.64
847.74
847.84
847.94
848.04
848.14
848.24
848.34
848.44
848.54
848.64
848.74
848.84
848.94
849.04
849.14
849.24
849.34
849.44
849.54
849.64
849.74
849.84
849.94
850.039
850.139
850.239
850.339
850.439
850.539
850.639
850.739
850.839
850.939
851.039
851.139
851.239
851.339
851.439
851.539
851.639
851.739
851.839
851.939
852.039
852.139
852.239
852.339
852.439
852.539
852.639
852.739
852.839
852.939
853.039
853.139
853.239
853.339
853.439
853.539
853.639
853.739
853.839
853.939
854.039
854.138
854.238
854.338
854.438
854.538
854.638
854.738
854.838
854.938
855.038
855.138
855.238
855.338
855.438
855.538
855.638
855.738
855.838
855.938
856.038
856.138
856.238
856.338
856.438
856.538
856.638
856.738
856.838
856.938
857.038
857.138
857.238
857.338
857.438
857.538
857.638
857.738
857.838
857.938
858.038
858.138
858.237
858.337
858.437
858.537
858.637
858.737
858.837
858.937
859.037
859.137
859.237
859.337
859.437
859.537
859.637
859.737
859.837
859.937
860.037
860.137
860.237
860.337
860.437
860.537
860.637
860.737
860.837
860.937
861.037
861.137
861.237
861.337
861.437
861.537
861.637
861.737
861.837
861.937
862.037
862.137
862.237
862.336
862.436
862.536
862.636
862.736
862.836
862.936
863.036
863.136
863.236
863.336
863.436
863.536
863.636
863.736
863.836
863.936
864.036
864.136
864.236
864.336
864.436
864.536
864.636
864.736
864.836
864.936
865.036
865.136
865.236
865.336
865.436
865.536
865.636
865.736
865.836
865.936
866.036
866.136
866.236
866.336
866.435
866.535
866.635
866.735
866.835
866.935
867.035
867.135
867.235
867.335
867.435
867.535
867.635
867.735
867.835
867.935
868.035
868.135
868.235
868.335
868.435
868.535
868.635
868.735
868.835
868.935
869.035
869.135
869.235
869.335
869.435
869.535
869.635
869.735
869.835
869.935
870.035
870.135
870.235
870.335
870.435
870.534
870.634
870.734
870.834
870.934
871.034
871.134
871.234
871.334
871.434
871.534
871.634
871.734
871.834
871.934
872.034
872.134
872.234
872.334
872.434
872.534
872.634
872.734
872.834
872.934
873.034
873.134
873.234
873.334
873.434
873.534
873.634
873.734
873.834
873.934
874.034
874.134
874.234
874.334
874.434
874.534
874.633
874.733
874.833
874.933
875.033
875.133
875.233
875.333
875.433
875.533
875.633
875.733
875.833
875.933
876.033
876.133
876.233
876.333
876.433
876.533
876.633
876.733
876.833
876.933
877.033
877.133
877.233
877.333
877.433
877.533
877.633
877.733
877.833
877.933
878.033
878.133
878.233
878.333
878.433
878.533
878.633
878.732
878.832
878.932
879.032
879.132
879.232
879.332
879.432
879.532
879.632
879.732
879.832
879.932
880.032
880.132
880.232
880.332
880.432
880.532
880.632
880.732
880.832
880.932
881.032
881.132
881.232
881.332
881.432
881.532
881.632
881.732
881.832
881.932
882.032
882.132
882.232
882.332
882.432
882.532
882.632
882.732
882.831
882.931
883.031
883.131
883.231
883.331
883.431
883.531
883.631
883.731
883.831
883.931
884.031
884.131
884.231
884.331
884.431
884.531
884.631
884.731
884.831
884.931
885.031
885.131
885.231
885.331
885.431
885.531
885.631
885.731
885.831
885.931
886.031
886.131
886.231
886.331
886.431
886.531
886.631
886.731
886.831
886.93
887.03
887.13
887.23
887.33
887.43
887.53
887.63
887.73
887.83
887.93
888.03
888.13
888.23
888.33
888.43
888.53
888.63
888.73
888.83
888.93
889.03
889.13
889.23
889.33
889.43
889.53
889.63
889.73
889.83
889.93
890.03
890.13
890.23
890.33
890.43
890.53
890.63
890.73
890.83
890.93
891.029
891.129
891.229
891.329
891.429
891.529
891.629
891.729
891.829
891.929
892.029
892.129
892.229
892.329
892.429
892.529
892.629
892.729
892.829
892.929
893.029
893.129
893.229
893.329
893.429
893.529
893.629
893.729
893.829
893.929
894.029
894.129
894.229
894.329
894.429
894.529
894.629
894.729
894.829
894.929
895.029
895.128
895.228
895.328
895.428
895.528
895.628
895.728
895.828
895.928
896.028
896.128
896.228
896.328
896.428
896.528
896.628
896.728
896.828
896.928
897.028
897.128
897.228
897.328
897.428
897.528
897.628
897.728
897.828
897.928
898.028
898.128
898.228
898.328
898.428
898.528
898.628
898.728
898.828
898.928
899.028
899.128
899.227
899.327
899.427
899.527
899.627
899.727
899.827
899.927
900.027
900.127
900.227
900.327
900.427
900.527
900.627
900.727
900.827
900.927
901.027
901.127
901.227
901.327
901.427
901.527
901.627
901.727
901.827
901.927
902.027
902.127
902.227
902.327
902.427
902.527
902.627
902.727
902.827
902.927
903.027
903.127
903.227
903.326
903.426
903.526
903.626
903.726
903.826
903.926
904.026
904.126
904.226
904.326
904.426
904.526
904.626
904.726
904.826
904.926
905.026
905.126
905.226
905.326
905.426
905.526
905.626
905.726
905.826
905.926
906.026
906.126
906.226
906.326
906.426
906.526
906.626
906.726
906.826
906.926
907.026
907.126
907.226
907.326
907.425
907.525
907.625
907.725
907.825
907.925
908.025
908.125
908.225
908.325
908.425
908.525
908.625
908.725
908.825
908.925
909.025
909.125
909.225
909.325
909.425
909.525
909.625
909.725
909.825
909.925
910.025
910.125
910.225
910.325
910.425
910.525
910.625
910.725
910.825
910.925
911.025
911.125
911.225
911.325
911.424
911.524
911.624
911.724
911.824
911.924
912.024
912.124
912.224
912.324
912.424
912.524
912.624
912.724
912.824
912.924
913.024
913.124
913.224
913.324
913.424
913.524
913.624
913.724
913.824
913.924
914.024
914.124
914.224
914.324
914.424
914.524
914.624
914.724
914.824
914.924
915.024
915.124
915.224
915.324
915.424
915.523
915.623
915.723
915.823
915.923
916.023
916.123
916.223
916.323
916.423
916.523
916.623
916.723
916.823
916.923
917.023
917.123
917.223
917.323
917.423
917.523
917.623
917.723
917.823
917.923
918.023
918.123
918.223
918.323
918.423
918.523
918.623
918.723
918.823
918.923
919.023
919.123
919.223
919.323
919.423
919.523
919.622
919.722
919.822
919.922
920.022
920.122
920.222
920.322
920.422
920.522
920.622
920.722
920.822
920.922
921.022
921.122
921.222
921.322
921.422
921.522
921.622
921.722
921.822
921.922
922.022
922.122
922.222
922.322
922.422
922.522
922.622
922.722
922.822
922.922
923.022
923.122
923.222
923.322
923.422
923.522
923.622
923.721
923.821
923.921
924.021
924.121
924.221
924.321
924.421
924.521
924.621
924.721
924.821
924.921
925.021
925.121
925.221
925.321
925.421
925.521
925.621
925.721
925.821
925.921
926.021
926.121
926.221
926.321
926.421
926.521
926.621
926.721
926.821
926.921
927.021
927.121
927.221
927.321
927.421
927.521
927.621
927.721
927.82
927.92
928.02
928.12
928.22
928.32
928.42
928.52
928.62
928.72
928.82
928.92
929.02
929.12
929.22
929.32
929.42
929.52
929.62
929.72
929.82
929.92
930.02
930.12
930.22
930.32
930.42
930.52
930.62
930.72
930.82
930.92
931.02
931.12
931.22
931.32
931.42
931.52
931.62
931.72
931.82
931.919
932.019
932.119
932.219
932.319
932.419
932.519
932.619
932.719
932.819
932.919
933.019
933.119
933.219
933.319
933.419
933.519
933.619
933.719
933.819
933.919
934.019
934.119
934.219
934.319
934.419
934.519
934.619
934.719
934.819
934.919
935.019
935.119
935.219
935.319
935.419
935.519
935.619
935.719
935.819
935.919
936.018
936.118
936.218
936.318
936.418
936.518
936.618
936.718
936.818
936.918
937.018
937.118
937.218
937.318
937.418
937.518
937.618
937.718
937.818
937.918
938.018
938.118
938.218
938.318
938.418
938.518
938.618
938.718
938.818
938.918
939.018
939.118
939.218
939.318
939.418
939.518
939.618
939.718
939.818
939.918
940.018
940.117
940.217
940.317
940.417
940.517
940.617
940.717
940.817
940.917
941.017
941.117
941.217
941.317
941.417
941.517
941.617
941.717
941.817
941.917
942.017
942.117
942.217
942.317
942.417
942.517
942.617
942.717
942.817
942.917
943.017
943.117
943.217
943.317
943.417
943.517
943.617
943.717
943.817
943.917
944.017
944.117
944.216
944.316
944.416
944.516
944.616
944.716
944.816
944.916
945.016
945.116
945.216
945.316
945.416
945.516
945.616
945.716
945.816
945.916
946.016
946.116
946.216
946.316
946.416
946.516
946.616
946.716
946.816
946.916
947.016
947.116
947.216
947.316
947.416
947.516
947.616
947.716
947.816
947.916
948.016
948.116
948.216
948.315
948.415
948.515
948.615
948.715
948.815
948.915
949.015
949.115
949.215
949.315
949.415
949.515
949.615
949.715
949.815
949.915
950.015
950.115
950.215
950.315
950.415
950.515
950.615
950.715
950.815
950.915
951.015
951.115
951.215
951.315
951.415
951.515
951.615
951.715
951.815
951.915
952.015
952.115
952.215
952.315
952.414
952.514
952.614
952.714
952.814
952.914
953.014
953.114
953.214
953.314
953.414
953.514
953.614
953.714
953.814
953.914
954.014
954.114
954.214
954.314
954.414
954.514
954.614
954.714
954.814
954.914
955.014
955.114
955.214
955.314
955.414
955.514
955.614
955.714
955.814
955.914
956.014
956.114
956.214
956.314
956.414
956.513
956.613
956.713
956.813
956.913
957.013
957.113
957.213
957.313
957.413
957.513
957.613
957.713
957.813
957.913
958.013
958.113
958.213
958.313
958.413
958.513
958.613
958.713
958.813
958.913
959.013
959.113
959.213
959.313
959.413
959.513
959.613
959.713
959.813
959.913
960.013
960.113
960.213
960.313
960.413
960.513
960.612
960.712
960.812
960.912
961.012
961.112
961.212
961.312
961.412
961.512
961.612
961.712
961.812
961.912
962.012
962.112
962.212
962.312
962.412
962.512
962.612
962.712
962.812
962.912
963.012
963.112
963.212
963.312
963.412
963.512
963.612
963.712
963.812
963.912
964.012
964.112
964.212
964.312
964.412
964.512
964.612
964.711
964.811
964.911
965.011
965.111
965.211
965.311
965.411
965.511
965.611
965.711
965.811
965.911
966.011
966.111
966.211
966.311
966.411
966.511
966.611
966.711
966.811
966.911
967.011
967.111
967.211
967.311
967.411
967.511
967.611
967.711
967.811
967.911
968.011
968.111
968.211
968.311
968.411
968.511
968.611
968.711
968.81
968.91
969.01
969.11
969.21
969.31
969.41
969.51
969.61
969.71
969.81
969.91
970.01
970.11
970.21
970.31
970.41
970.51
970.61
970.71
970.81
970.91
971.01
971.11
971.21
971.31
971.41
971.51
971.61
971.71
971.81
971.91
972.01
972.11
972.21
972.31
972.41
972.51
972.61
972.71
972.81
972.909
973.009
973.109
973.209
973.309
973.409
973.509
973.609
973.709
973.809
973.909
974.009
974.109
974.209
974.309
974.409
974.509
974.609
974.709
974.809
974.909
975.009
975.109
975.209
975.309
975.409
975.509
975.609
975.709
975.809
975.909
976.009
976.109
976.209
976.309
976.409
976.509
976.609
976.709
976.809
976.909
977.008
977.108
977.208
977.308
977.408
977.508
977.608
977.708
977.808
977.908
978.008
978.108
978.208
978.308
978.408
978.508
978.608
978.708
978.808
978.908
979.008
979.108
979.208
979.308
979.408
979.508
979.608
979.708
979.808
979.908
980.008
980.108
980.208
980.308
980.408
980.508
980.608
980.708
980.808
980.908
981.008
981.107
981.207
981.307
981.407
981.507
981.607
981.707
981.807
981.907
982.007
982.107
982.207
982.307
982.407
982.507
982.607
982.707
982.807
982.907
983.007
983.107
983.207
983.307
983.407
983.507
983.607
983.707
983.807
983.907
984.007
984.107
984.207
984.307
984.407
984.507
984.607
984.707
984.807
984.907
985.007
985.107
985.206
985.306
985.406
985.506
985.606
985.706
985.806
985.906
986.006
986.106
986.206
986.306
986.406
986.506
986.606
986.706
986.806
986.906
987.006
987.106
987.206
987.306
987.406
987.506
987.606
987.706
987.806
987.906
988.006
988.106
988.206
988.306
988.406
988.506
988.606
988.706
988.806
988.906
989.006
989.106
989.206
989.305
989.405
989.505
989.605
989.705
989.805
989.905
990.005
990.105
990.205
990.305
990.405
990.505
990.605
990.705
990.805
990.905
991.005
991.105
991.205
991.305
991.405
991.505
991.605
991.705
991.805
991.905
992.005
992.105
992.205
992.305
992.405
992.505
992.605
992.705
992.805
992.905
993.005
993.105
993.205
993.305
993.404
993.504
993.604
993.704
993.804
993.904
994.004
994.104
994.204
994.304
994.404
994.504
994.604
994.704
994.804
994.904
995.004
995.104
995.204
995.304
995.404
995.504
995.604
995.704
995.804
995.904
996.004
996.104
996.204
996.304
996.404
996.504
996.604
996.704
996.804
996.904
997.004
997.104
997.204
997.304
997.404
997.503
997.603
997.703
997.803
997.903
998.003
998.103
998.203
998.303
998.403
998.503
998.603
998.703
998.803
998.903
999.003
999.103
999.203
999.303
999.403
999.503
999.603
999.703
999.803
999.903
0.110000999.903
