22417
25472
20405
18687
11726
21725
18112
19365
20114
23000
30738
9213
32442
24248
973
32280
18845
27164
12164
799
20201
19367
11637
30167
4668
2409
7046
3063
10370
14348
30209
4138
24337
10691
31247
6370
14469
8178
13302
24546
23389
27549
13586
1674
20050
10386
11668
21217
7803
32598
26110
12644
19234
6609
21594
1937
4964
14009
18749
9010
394
1982
28799
21098
20522
18042
8631
28801
1277
11287
15481
29551
23935
14270
3151
17962
26953
28611
28792
31663
28206
2449
17251
9939
29207
9303
15849
25287
1695
623
21069
22636
12909
28051
15093
19548
5205
12734
14567
436
7214
23267
15874
32163
30065
8529
32513
30644
32662
12513
10543
731
28719
14053
14314
15169
31425
25296
9690
1231
6757
17829
30191
9852
22819
15393
20508
20055
12553
20391
11733
19027
25359
14832
21065
470
24491
30575
2655
31744
7474
5253
28786
32443
30709
8553
12237
4743
30743
30933
997
30467
6448
17777
28505
21562
28579
29184
26282
13491
18367
28749
27322
5175
6808
723
20230
3936
29859
29999
10147
32742
10772
28486
6906
4521
29944
20278
4931
7294
22801
13822
3010
20154
26997
13036
30148
29823
19429
14794
29016
26569
5614
20423
21966
30007
24514
6951
17905
16794
10452
16810
19459
31807
27189
16829
14717
27132
29361
12899
18051
5373
26792
5602
11561
11596
3502
11053
15464
26145
8162
27157
7902
23535
29967
5678
20809
20267
11140
5250
1218
16346
3251
28664
26809
13793
32140
14466
6324
16908
6295
10506
10695
988
19924
16410
5074
16401
9299
14157
29309
21498
31122
1401
23028
4479
23193
22426
15203
20459
21207
11389
5424
15738
19643
32561
27387
15782
24594
11309
16727
24626
10787
32065
6469
15603
2956
2110
10101
16481
26586
19556
17211
13537
17131
14992
18770
5328
22532
5154
28244
29007
1714
19631
15605
31185
12641
23148
15363
28773
27070
8533
30750
5828
1740
25888
27959
24602
200
28133
3017
29589
11966
19338
21978
19374
16871
25584
20400
32314
6857
14303
16468
31023
21517
2738
32200
16439
7967
22722
16647
30455
20104
18579
15809
17436
10763
705
31187
22826
26753
7336
8328
11011
27508
470
19858
10042
6270
2098
3014
29205
27744
6889
923
31076
9185
10268
5472
26628
5741
15690
23360
17970
7785
32383
20216
21137
11095
25658
3922
24569
22958
27679
360
17413
11383
10337
18842
8795
17575
23021
22604
8378
12863
343
1632
20421
15142
4741
32119
21649
13249
14110
26599
7920
17752
19376
9338
14459
15912
931
31212
30817
18248
24545
1571
10226
7228
25667
25900
25579
8283
14266
19450
18047
28129
6978
4829
9770
15059
25479
27587
30005
12182
24916
16434
3591
2894
25791
29441
30770
12791
18198
473
29241
70
10120
17007
19491
317
18067
14207
24257
24976
11313
14727
11198
15547
1218
28489
29291
8160
24760
20990
17736
24162
17156
14682
27729
5186
10820
11076
8207
29244
169
27474
26970
12192
7849
1542
12782
15858
19562
21450
20917
6721
28138
12205
9422
22599
17902
24027
30304
17222
31664
24030
19490
12445
20295
9367
24230
24620
10454
31226
19048
1646
28277
30349
17818
23631
19679
23710
26285
20690
24288
18759
18335
14436
24444
31011
4615
5629
21215
7373
16354
23036
21001
31004
7451
12991
25910
20257
21980
19205
6414
18397
7575
4613
14993
24514
15059
26954
26048
3568
951
21589
21260
9004
5975
1521
3968
7328
24514
26452
2989
26197
10440
29946
11609
18801
22411
3393
20454
560
3789
3269
24452
14755
19443
21625
31510
24363
18652
5514
18661
7605
11876
32500
27143
26803
25526
10464
14477
23773
1621
22980
15471
28844
22250
313
824
12435
9931
1179
18034
764
4687
14691
3279
12294
5076
10564
12828
10495
15245
31751
486
19363
6156
8998
20713
7442
7059
9003
16701
14483
2586
5830
7487
28171
15392
18353
30016
19515
16946
31044
27632
4796
13628
16599
23944
18364
16275
2011
19898
28022
10942
5047
18522
4979
32264
12132
8393
16258
31174
21191
15397
27256
31592
25553
21042
3240
5698
27993
20743
30241
27928
26548
20344
28330
6251
28442
14919
22910
9606
952
10250
22728
31303
12180
32730
11485
10670
11813
24256
19259
1319
29102
26592
26949
30359
8798
27491
30396
28457
29481
4134
17405
30421
26724
27684
20477
10421
27683
14244
31236
10247
19539
1826
4908
23041
32406
14334
2969
28760
17889
31718
14197
4239
5592
12036
26547
9216
20452
25832
21119
7339
13850
22580
1927
15042
12235
10506
27628
7920
15339
5686
31239
13677
11554
7450
16604
17859
2996
11357
24415
13149
14609
21843
30569
15060
12603
10282
21624
14329
1500
9946
16937
16546
28451
31435
20087
8245
3682
22851
29617
32758
15977
17046
26173
18448
3488
2059
526
1381
15846
17552
5094
24597
26157
13342
31309
28368
4562
5610
23117
29404
31165
1361
25586
18661
13117
30080
25220
6792
28832
15334
5250
7326
12181
21851
1887
26184
28995
21005
29436
11455
22565
5167
20712
28633
18348
19808
11097
25434
24978
26332
24554
8448
31999
16484
21010
28492
29535
29166
18792
10514
24318
31757
30617
4544
10088
4894
25125
8814
30595
28984
11228
7081
31080
23249
31260
26623
29702
16944
29127
6986
9846
13719
2055
6845
32027
1068
8897
14768
31873
17835
17626
22315
32243
12494
16940
18484
6618
27767
14151
6873
23512
18339
16616
32252
7336
1039
12089
23009
7604
8104
12494
25976
17011
18611
12635
17515
905
26817
26679
31208
30620
29264
21137
15403
3575
23873
5492
29906
22241
32254
892
31200
30139
9063
16982
19342
6364
10113
19449
25302
4909
24285
18342
23741
29571
4810
30368
3683
13759
29242
12460
19915
27048
9589
11335
31595
27523
28799
3754
6259
2680
4170
32638
30174
14500
16028
15455
18489
8445
2238
26642
11318
16105
25834
4487
26608
21406
12914
11917
29947
21816
4272
1623
7987
13211
14513
18354
17474
3855
17824
18180
32750
15508
6132
8196
20776
13322
16217
14139
980
17410
5984
22334
27481
10081
741
26024
14825
22715
29252
27610
141
16233
8251
28530
9208
4720
12701
22156
21000
3345
9148
21435
17435
20783
13716
5573
23063
4965
14263
14114
23096
27876
28412
10547
24984
28429
30183
5955
20864
21714
18647
32062
17776
28108
26866
28211
24048
7964
16849
18059
27669
