5347
6091
23724
8776
22430
22756
18312
21858
14313
27302
20536
5472
32219
29631
19099
438
27000
19757
9773
8512
9406
14678
27888
21685
19055
28900
17688
29933
3485
8551
24953
6355
19959
14760
3249
16168
9429
8142
15125
22525
14085
11571
20317
27117
22355
3076
32270
20254
17882
21146
31659
17911
6158
30876
24986
20894
5509
465
30168
9784
5512
31430
16732
7392
10589
8995
8524
27492
8018
25038
16098
7106
10889
24253
6685
32613
15239
24219
4903
6687
21883
15394
7817
16614
27726
6963
4113
26702
5998
12726
10367
24266
9562
16948
20978
28322
23534
9269
14101
9139
29036
30299
8456
12522
2638
22075
18448
12671
18382
14847
767
16881
13105
18364
354
11460
4567
18068
31852
9981
28164
1419
2725
22618
24684
21546
594
11089
26240
26838
5795
8399
20859
20717
7071
9133
6699
18085
7376
6130
9600
2213
12974
8651
17878
3937
17100
24651
1282
15414
5828
6115
798
24137
30179
2207
30229
10527
11669
27686
5613
30972
13455
22383
471
253
21695
31811
27128
16116
2035
1656
2549
20743
29515
4327
16449
2312
11616
28210
20006
22930
15153
16695
3220
30951
28625
8530
8621
21900
6867
18007
780
14497
12657
30795
20697
12802
24191
16101
21901
10784
9490
3271
13958
13725
495
25212
8522
1705
14261
9520
411
6175
12746
9523
3135
28254
10759
4140
10892
2536
32035
19229
4789
26557
23008
28698
6359
11125
14071
27593
1219
20256
15300
30360
30857
29918
1970
26049
13257
13885
1124
4095
16313
3413
11944
16909
20469
13221
541
32483
25610
4780
29598
1968
30145
8775
9845
26518
16427
20685
18497
32551
27505
20716
16291
19363
10584
26946
6571
26096
3735
8635
25093
30037
13529
27309
20963
4607
29072
6581
426
21296
11647
22607
2396
1352
10502
24631
15304
17269
14636
8579
26739
28985
18798
11901
20549
20385
11850
2370
14579
10815
5258
12060
19248
22508
6481
32159
10131
2879
22247
19845
24134
11979
29252
24393
13684
18716
30046
30086
27248
9328
562
14606
22950
13878
10900
17098
14658
584
30904
26453
21154
30183
29820
8279
26236
30330
12667
12193
10191
8198
12754
22541
31115
28525
10672
18451
23295
21606
28576
4652
12038
26432
9622
20199
18929
15958
26299
17612
29235
8017
1528
